symbol,start_date,end_date,actual_frequencies,digit_type,target
MOVRUSDT,2022-01-01-00:00,2022-01-02-00:00,"[0.3047945205479452, 0.1840753424657534, 0.1404109589041096, 0.08904109589041095, 0.07277397260273973, 0.06592465753424658, 0.04708904109589041, 0.04023972602739726, 0.05565068493150685]",first,TA
MOVRUSDT,2022-01-01-00:00,2022-01-02-00:00,"[0.13955479452054795, 0.125, 0.08904109589041095, 0.09931506849315068, 0.0898972602739726, 0.08304794520547945, 0.08818493150684932, 0.06763698630136987, 0.1035958904109589, 0.11472602739726027]",second,TA
MOVRUSDT,2022-01-02-00:00,2022-01-03-00:00,"[0.30600292825768666, 0.18374816983894582, 0.116398243045388, 0.0849194729136164, 0.08931185944363104, 0.06808199121522694, 0.04904831625183016, 0.04904831625183016, 0.053440702781844804]",first,TA
MOVRUSDT,2022-01-02-00:00,2022-01-03-00:00,"[0.1171303074670571, 0.13616398243045388, 0.1281112737920937, 0.09443631039531479, 0.0849194729136164, 0.09882869692532943, 0.0841874084919473, 0.07027818448023426, 0.08199121522693997, 0.10395314787701318]",second,TA
MOVRUSDT,2022-01-03-00:00,2022-01-04-00:00,"[0.3132795304475422, 0.17754952311078503, 0.1269258987527513, 0.10051357300073367, 0.08070432868672046, 0.05135730007336757, 0.05722670579603815, 0.04035216434336023, 0.052090975788701394]",first,TA
MOVRUSDT,2022-01-03-00:00,2022-01-04-00:00,"[0.14893617021276595, 0.11151870873074102, 0.09317681584739546, 0.0983125458547322, 0.0851063829787234, 0.09537784299339692, 0.08363903154805576, 0.09317681584739546, 0.0983125458547322, 0.09244314013206163]",second,TA
MOVRUSDT,2022-01-04-00:00,2022-01-05-00:00,"[0.2859237536656892, 0.17228739002932553, 0.11510263929618768, 0.0967741935483871, 0.08797653958944282, 0.06964809384164222, 0.05718475073313783, 0.05718475073313783, 0.05791788856304985]",first,TA
MOVRUSDT,2022-01-04-00:00,2022-01-05-00:00,"[0.12976539589442815, 0.10777126099706745, 0.11510263929618768, 0.10557184750733138, 0.10850439882697947, 0.07771260997067449, 0.08284457478005865, 0.07551319648093842, 0.10337243401759531, 0.093841642228739]",second,TA
MOVRUSDT,2022-01-05-00:00,2022-01-06-00:00,"[0.32043795620437954, 0.1678832116788321, 0.12481751824817518, 0.08832116788321168, 0.08467153284671533, 0.060583941605839416, 0.06204379562043796, 0.04598540145985401, 0.04525547445255475]",first,TA
MOVRUSDT,2022-01-05-00:00,2022-01-06-00:00,"[0.1335766423357664, 0.12335766423357664, 0.10437956204379562, 0.10072992700729927, 0.0905109489051095, 0.10802919708029197, 0.08759124087591241, 0.07883211678832117, 0.0781021897810219, 0.0948905109489051]",second,TA
MOVRUSDT,2022-01-06-00:00,2022-01-07-00:00,"[0.2639664804469274, 0.19134078212290503, 0.13477653631284917, 0.09497206703910614, 0.09217877094972067, 0.06494413407821228, 0.04399441340782123, 0.06284916201117319, 0.05097765363128492]",first,TA
MOVRUSDT,2022-01-06-00:00,2022-01-07-00:00,"[0.125, 0.11452513966480447, 0.10963687150837989, 0.09776536312849161, 0.1026536312849162, 0.0782122905027933, 0.10684357541899442, 0.09427374301675978, 0.08449720670391062, 0.08659217877094973]",second,TA
MOVRUSDT,2022-01-07-00:00,2022-01-08-00:00,"[0.3186733958183129, 0.1802451333813987, 0.11607786589762076, 0.10021629416005767, 0.09156452775775054, 0.047584715212689255, 0.0555155010814708, 0.043258832011535686, 0.04686373467916366]",first,TA
MOVRUSDT,2022-01-07-00:00,2022-01-08-00:00,"[0.11463590483056957, 0.13121845710165825, 0.09372746935832732, 0.1110310021629416, 0.1095890410958904, 0.07642393655371305, 0.08074981975486661, 0.08723864455659697, 0.0973323720259553, 0.09805335255948089]",second,TA
MOVRUSDT,2022-01-08-00:00,2022-01-09-00:00,"[0.31006006006006004, 0.17867867867867868, 0.11336336336336336, 0.09984984984984985, 0.07432432432432433, 0.06831831831831832, 0.057057057057057055, 0.054804804804804805, 0.04354354354354354]",first,TA
MOVRUSDT,2022-01-08-00:00,2022-01-09-00:00,"[0.12162162162162163, 0.13213213213213212, 0.11261261261261261, 0.09084084084084085, 0.08708708708708708, 0.08033033033033032, 0.09759759759759759, 0.09234234234234234, 0.08183183183183183, 0.1036036036036036]",second,TA
MOVRUSDT,2022-01-09-00:00,2022-01-10-00:00,"[0.326561324303988, 0.16403310759969902, 0.12114371708051166, 0.10835214446952596, 0.07148231753197894, 0.06471030850263355, 0.04740406320541761, 0.051166290443942816, 0.045146726862302484]",first,TA
MOVRUSDT,2022-01-09-00:00,2022-01-10-00:00,"[0.1384499623777276, 0.1143717080511663, 0.11211437170805116, 0.08201655379984951, 0.1053423626787058, 0.0797592174567344, 0.09104589917231001, 0.0963130173062453, 0.08276899924755456, 0.09781790820165538]",second,TA
MOVRUSDT,2022-01-10-00:00,2022-01-11-00:00,"[0.30424886191198786, 0.17374810318664644, 0.11153262518968134, 0.10849772382397573, 0.07283763277693475, 0.06676783004552352, 0.06525037936267071, 0.04931714719271624, 0.04779969650986343]",first,TA
MOVRUSDT,2022-01-10-00:00,2022-01-11-00:00,"[0.11532625189681335, 0.11153262518968134, 0.11001517450682853, 0.09635811836115327, 0.09332321699544764, 0.10698027314112292, 0.0834597875569044, 0.10091047040971168, 0.09180576631259484, 0.09028831562974203]",second,TA
MOVRUSDT,2022-01-11-00:00,2022-01-12-00:00,"[0.29903057419835943, 0.1662938105891126, 0.1215510812826249, 0.1029082774049217, 0.08575689783743475, 0.0686055182699478, 0.05965697240865026, 0.05070842654735272, 0.04548844146159582]",first,TA
MOVRUSDT,2022-01-11-00:00,2022-01-12-00:00,"[0.1215510812826249, 0.10961968680089486, 0.10141685309470544, 0.12229679343773303, 0.0924683072334079, 0.10067114093959731, 0.09172259507829977, 0.08575689783743475, 0.0790454884414616, 0.09545115585384041]",second,TA
MOVRUSDT,2022-01-12-00:00,2022-01-13-00:00,"[0.3003610108303249, 0.17256317689530687, 0.11768953068592057, 0.11046931407942238, 0.0851985559566787, 0.06714801444043321, 0.05415162454873646, 0.049819494584837545, 0.04259927797833935]",first,TA
MOVRUSDT,2022-01-12-00:00,2022-01-13-00:00,"[0.12779783393501806, 0.10324909747292418, 0.11335740072202166, 0.10469314079422383, 0.10108303249097472, 0.096028880866426, 0.09097472924187726, 0.09314079422382672, 0.08375451263537906, 0.08592057761732852]",second,TA
MOVRUSDT,2022-01-13-00:00,2022-01-14-00:00,"[0.29577464788732394, 0.18606375092661231, 0.14158636026686433, 0.10229799851742032, 0.0793180133432172, 0.05856189770200148, 0.039288361749444035, 0.048183839881393624, 0.04892512972572276]",first,TA
MOVRUSDT,2022-01-13-00:00,2022-01-14-00:00,"[0.11638250555967383, 0.10155670867309118, 0.10007412898443291, 0.11193476649369903, 0.10155670867309118, 0.10229799851742032, 0.09785025945144551, 0.09488510007412898, 0.07857672349888807, 0.09488510007412898]",second,TA
MOVRUSDT,2022-01-14-00:00,2022-01-15-00:00,"[0.30533235938641345, 0.18188458728999268, 0.1212563915266618, 0.09569028487947406, 0.07962016070124178, 0.0591672753834916, 0.0606281957633309, 0.053323593864134405, 0.04309715120525932]",first,TA
MOVRUSDT,2022-01-14-00:00,2022-01-15-00:00,"[0.12271731190650109, 0.10445580715850986, 0.09642074506939372, 0.11468224981738495, 0.09788166544923302, 0.10153396639883126, 0.11249086924762601, 0.08181154127100074, 0.07962016070124178, 0.08838568298027757]",second,TA
MOVRUSDT,2022-01-15-00:00,2022-01-16-00:00,"[0.31697819314641745, 0.16978193146417445, 0.13707165109034267, 0.08878504672897196, 0.07554517133956386, 0.06619937694704049, 0.045950155763239874, 0.04984423676012461, 0.04984423676012461]",first,TA
MOVRUSDT,2022-01-15-00:00,2022-01-16-00:00,"[0.12149532710280374, 0.1261682242990654, 0.10981308411214953, 0.09657320872274143, 0.0895638629283489, 0.10825545171339564, 0.09190031152647975, 0.07242990654205607, 0.08099688473520249, 0.102803738317757]",second,TA
MOVRUSDT,2022-01-16-00:00,2022-01-17-00:00,"[0.32299546142208774, 0.17397881996974282, 0.11270801815431165, 0.09682299546142209, 0.09228441754916793, 0.06580937972768533, 0.05068078668683813, 0.0453857791225416, 0.039334341906202726]",first,TA
MOVRUSDT,2022-01-16-00:00,2022-01-17-00:00,"[0.13010590015128592, 0.10665658093797277, 0.11649016641452345, 0.09228441754916793, 0.09001512859304085, 0.10816944024205749, 0.09682299546142209, 0.08925869894099848, 0.07261724659606657, 0.09757942511346444]",second,TA
MOVRUSDT,2022-01-17-00:00,2022-01-18-00:00,"[0.32162373145979706, 0.18266978922716628, 0.11163153786104606, 0.08821233411397346, 0.07650273224043716, 0.047619047619047616, 0.0663544106167057, 0.0507416081186573, 0.0546448087431694]",first,TA
MOVRUSDT,2022-01-17-00:00,2022-01-18-00:00,"[0.12958626073380172, 0.11553473848555816, 0.09836065573770492, 0.08274785323965651, 0.11085089773614364, 0.11085089773614364, 0.08743169398907104, 0.09289617486338798, 0.07728337236533958, 0.09445745511319281]",second,TA
MOVRUSDT,2022-01-18-00:00,2022-01-19-00:00,"[0.33232856066315, 0.1944235116804823, 0.12358703843255464, 0.0934438583270535, 0.06556141672946496, 0.058025621703089676, 0.0452147701582517, 0.044461190655614165, 0.04295403165033911]",first,TA
MOVRUSDT,2022-01-18-00:00,2022-01-19-00:00,"[0.10625470987189148, 0.10097965335342879, 0.09570459683496609, 0.11303692539562923, 0.1145440844009043, 0.10097965335342879, 0.08816880180859081, 0.0934438583270535, 0.08515448379804069, 0.10173323285606632]",second,TA
MOVRUSDT,2022-01-19-00:00,2022-01-20-00:00,"[0.29062957540263545, 0.20131771595900438, 0.11127379209370425, 0.07833089311859444, 0.09224011713030747, 0.06076134699853587, 0.06149341142020498, 0.06076134699853587, 0.04319180087847731]",first,TA
MOVRUSDT,2022-01-19-00:00,2022-01-20-00:00,"[0.12079062957540264, 0.1171303074670571, 0.12518301610541727, 0.10322108345534407, 0.10395314787701318, 0.09809663250366032, 0.09224011713030747, 0.08784773060029283, 0.07979502196193265, 0.07174231332357248]",second,TA
MOVRUSDT,2022-01-20-00:00,2022-01-21-00:00,"[0.29128440366972475, 0.1712538226299694, 0.12691131498470948, 0.0963302752293578, 0.08868501529051988, 0.07339449541284404, 0.06116207951070336, 0.04969418960244648, 0.04128440366972477]",first,TA
MOVRUSDT,2022-01-20-00:00,2022-01-21-00:00,"[0.12767584097859327, 0.10856269113149847, 0.10474006116207951, 0.10321100917431193, 0.12232415902140673, 0.09097859327217125, 0.09097859327217125, 0.0863914373088685, 0.077217125382263, 0.08792048929663608]",second,TA
MOVRUSDT,2022-01-21-00:00,2022-01-22-00:00,"[0.32860184528034064, 0.17388218594748048, 0.11071682044002838, 0.0880056777856636, 0.0688431511710433, 0.057487579843860895, 0.0631653655074521, 0.06103619588360539, 0.0482611781405252]",first,TA
MOVRUSDT,2022-01-21-00:00,2022-01-22-00:00,"[0.1263307310149042, 0.1263307310149042, 0.099361249112846, 0.10361958836053939, 0.10361958836053939, 0.0830376153300213, 0.10574875798438609, 0.07877927608232789, 0.0830376153300213, 0.09013484740951029]",second,TA
MOVRUSDT,2022-01-22-00:00,2022-01-23-00:00,"[0.31373937677053826, 0.1565155807365439, 0.11827195467422097, 0.10056657223796034, 0.07790368271954674, 0.08286118980169972, 0.060906515580736544, 0.043909348441926344, 0.0453257790368272]",first,TA
MOVRUSDT,2022-01-22-00:00,2022-01-23-00:00,"[0.12039660056657224, 0.10764872521246459, 0.10198300283286119, 0.09702549575070822, 0.10694050991501416, 0.09985835694050992, 0.08498583569405099, 0.09631728045325778, 0.09702549575070822, 0.08781869688385269]",second,TA
MOVRUSDT,2022-01-23-00:00,2022-01-24-00:00,"[0.26886446886446885, 0.1391941391941392, 0.14285714285714285, 0.09816849816849817, 0.1076923076923077, 0.07032967032967033, 0.060805860805860805, 0.05714285714285714, 0.054945054945054944]",first,TA
MOVRUSDT,2022-01-23-00:00,2022-01-24-00:00,"[0.11355311355311355, 0.12234432234432234, 0.11575091575091576, 0.08864468864468865, 0.10256410256410256, 0.09377289377289377, 0.0967032967032967, 0.0945054945054945, 0.08131868131868132, 0.09084249084249084]",second,TA
MOVRUSDT,2022-01-24-00:00,2022-01-25-00:00,"[0.29924242424242425, 0.1484848484848485, 0.15, 0.09621212121212121, 0.09090909090909091, 0.056818181818181816, 0.055303030303030305, 0.05606060606060606, 0.04696969696969697]",first,TA
MOVRUSDT,2022-01-24-00:00,2022-01-25-00:00,"[0.13484848484848486, 0.1053030303030303, 0.11287878787878788, 0.09015151515151515, 0.11287878787878788, 0.1053030303030303, 0.07424242424242425, 0.07954545454545454, 0.09318181818181819, 0.09166666666666666]",second,TA
MOVRUSDT,2022-01-25-00:00,2022-01-26-00:00,"[0.2700453857791225, 0.14901664145234494, 0.13842662632375188, 0.12027231467473525, 0.0832072617246596, 0.07034795763993948, 0.059757942511346446, 0.06883509833585477, 0.040090771558245086]",first,TA
MOVRUSDT,2022-01-25-00:00,2022-01-26-00:00,"[0.12859304084720122, 0.11270801815431165, 0.09228441754916793, 0.09001512859304085, 0.09757942511346444, 0.09379727685325265, 0.09757942511346444, 0.0907715582450832, 0.08093797276853253, 0.1157337367624811]",second,TA
MOVRUSDT,2022-01-26-00:00,2022-01-27-00:00,"[0.2993874425727412, 0.15007656967840735, 0.14548238897396631, 0.11179173047473201, 0.08269525267993874, 0.07120980091883614, 0.055130168453292494, 0.04134762633996937, 0.042879019908116385]",first,TA
MOVRUSDT,2022-01-26-00:00,2022-01-27-00:00,"[0.12480857580398162, 0.13552833078101073, 0.09647779479326186, 0.08499234303215926, 0.08958652373660031, 0.10566615620214395, 0.08805513016845329, 0.08958652373660031, 0.08652373660030628, 0.09877488514548238]",second,TA
MOVRUSDT,2022-01-27-00:00,2022-01-28-00:00,"[0.32245532245532244, 0.1414141414141414, 0.14063714063714064, 0.11188811188811189, 0.07536907536907538, 0.059052059052059055, 0.06216006216006216, 0.037296037296037296, 0.04972804972804973]",first,TA
MOVRUSDT,2022-01-27-00:00,2022-01-28-00:00,"[0.12975912975912976, 0.11344211344211344, 0.09168609168609168, 0.10955710955710955, 0.10878010878010878, 0.0979020979020979, 0.09246309246309246, 0.07847707847707848, 0.09634809634809635, 0.08158508158508158]",second,TA
MOVRUSDT,2022-01-28-00:00,2022-01-29-00:00,"[0.30427892234548337, 0.17670364500792393, 0.12995245641838352, 0.0919175911251981, 0.0768621236133122, 0.056259904912836764, 0.06735340729001585, 0.05467511885895404, 0.041996830427892234]",first,TA
MOVRUSDT,2022-01-28-00:00,2022-01-29-00:00,"[0.11014263074484945, 0.11410459587955626, 0.09746434231378764, 0.10380348652931855, 0.09984152139461172, 0.09984152139461172, 0.10063391442155309, 0.08240887480190175, 0.08240887480190175, 0.10935023771790808]",second,TA
MOVRUSDT,2022-01-29-00:00,2022-01-30-00:00,"[0.27903091060985796, 0.14619883040935672, 0.17042606516290726, 0.10442773600668337, 0.07435254803675856, 0.05680868838763575, 0.07017543859649122, 0.05764411027568922, 0.04093567251461988]",first,TA
MOVRUSDT,2022-01-29-00:00,2022-01-30-00:00,"[0.11528822055137844, 0.12030075187969924, 0.09690893901420217, 0.10275689223057644, 0.0935672514619883, 0.1136173767752715, 0.09440267335004177, 0.0885547201336675, 0.07101086048454469, 0.1035923141186299]",second,TA
MOVRUSDT,2022-01-30-00:00,2022-01-31-00:00,"[0.30360205831903947, 0.13036020583190394, 0.1569468267581475, 0.10891938250428816, 0.08061749571183534, 0.07375643224699828, 0.060034305317324184, 0.04202401372212693, 0.04373927958833619]",first,TA
MOVRUSDT,2022-01-30-00:00,2022-01-31-00:00,"[0.12264150943396226, 0.137221269296741, 0.11063464837049743, 0.09176672384219554, 0.09176672384219554, 0.11749571183533447, 0.09605488850771869, 0.08147512864493997, 0.0711835334476844, 0.0797598627787307]",second,TA
MOVRUSDT,2022-01-31-00:00,2022-02-01-00:00,"[0.32588134135855545, 0.17282889079965605, 0.09716251074806535, 0.10232158211521926, 0.0825451418744626, 0.07480653482373173, 0.05331040412725709, 0.04729148753224419, 0.043852106620808254]",first,TA
MOVRUSDT,2022-01-31-00:00,2022-02-01-00:00,"[0.11092003439380911, 0.12123817712811694, 0.11092003439380911, 0.0885640584694755, 0.12553740326741186, 0.10318142734307825, 0.10146173688736028, 0.07308684436801376, 0.0825451418744626, 0.0825451418744626]",second,TA
MOVRUSDT,2022-02-01-00:00,2022-02-02-00:00,"[0.33762886597938147, 0.18041237113402062, 0.12285223367697594, 0.09879725085910653, 0.070446735395189, 0.05756013745704467, 0.05756013745704467, 0.02577319587628866, 0.04896907216494845]",first,TA
MOVRUSDT,2022-02-01-00:00,2022-02-02-00:00,"[0.13058419243986255, 0.11512027491408934, 0.10652920962199312, 0.09965635738831616, 0.0979381443298969, 0.11254295532646048, 0.09707903780068729, 0.06958762886597938, 0.07903780068728522, 0.09192439862542956]",second,TA
MOVRUSDT,2022-02-02-00:00,2022-02-03-00:00,"[0.30969267139479906, 0.1938534278959811, 0.1355397951142632, 0.08983451536643026, 0.06619385342789598, 0.06067769897557131, 0.05831363278171789, 0.04018912529550828, 0.045705279747832936]",first,TA
MOVRUSDT,2022-02-02-00:00,2022-02-03-00:00,"[0.12687155240346729, 0.10007880220646179, 0.11662726556343578, 0.0937746256895193, 0.07959022852639874, 0.10559495665878645, 0.1024428684003152, 0.08589440504334121, 0.1008668242710796, 0.08825847123719464]",second,TA
MOVRUSDT,2022-02-03-00:00,2022-02-04-00:00,"[0.3030050083472454, 0.18363939899833054, 0.13606010016694492, 0.07679465776293823, 0.06844741235392321, 0.06928213689482471, 0.06343906510851419, 0.05676126878130217, 0.04257095158597663]",first,TA
MOVRUSDT,2022-02-03-00:00,2022-02-04-00:00,"[0.09015025041736227, 0.13772954924874792, 0.11936560934891485, 0.09766277128547579, 0.10767946577629382, 0.10851419031719532, 0.0709515859766277, 0.08764607679465776, 0.09515859766277128, 0.08514190317195326]",second,TA
MOVRUSDT,2022-02-04-00:00,2022-02-05-00:00,"[0.3435047951176983, 0.17523975588491716, 0.10723626852659111, 0.08020924149956409, 0.07410636442894507, 0.05492589363557106, 0.06800348735832606, 0.05405405405405406, 0.042720139494333044]",first,TA
MOVRUSDT,2022-02-04-00:00,2022-02-05-00:00,"[0.11769834350479512, 0.13687881429816914, 0.1046207497820401, 0.0993897122929381, 0.10636442894507411, 0.11159546643417612, 0.08282476024411509, 0.07672188317349608, 0.07149084568439407, 0.09241499564080209]",second,TA
MOVRUSDT,2022-02-05-00:00,2022-02-06-00:00,"[0.30101302460202606, 0.17655571635311143, 0.12807525325615052, 0.09479015918958032, 0.08827785817655572, 0.06222865412445731, 0.05426917510853835, 0.041968162083936326, 0.052821997105643996]",first,TA
MOVRUSDT,2022-02-05-00:00,2022-02-06-00:00,"[0.12301013024602026, 0.10926193921852388, 0.09840810419681621, 0.10419681620839363, 0.12301013024602026, 0.09623733719247468, 0.07814761215629522, 0.09985528219971057, 0.0694645441389291, 0.09840810419681621]",second,TA
MOVRUSDT,2022-02-06-00:00,2022-02-07-00:00,"[0.32959101844426625, 0.1724137931034483, 0.1218925421010425, 0.09302325581395349, 0.06335204490777867, 0.06575781876503609, 0.05052125100240577, 0.05052125100240577, 0.05292702485966319]",first,TA
MOVRUSDT,2022-02-06-00:00,2022-02-07-00:00,"[0.1226944667201283, 0.10184442662389735, 0.10425020048115477, 0.11226944667201283, 0.08901363271852446, 0.08821170809943865, 0.107457898957498, 0.09863672814755413, 0.07698476343223737, 0.09863672814755413]",second,TA
MOVRUSDT,2022-02-07-00:00,2022-02-08-00:00,"[0.3230088495575221, 0.1696165191740413, 0.11283185840707964, 0.10693215339233038, 0.07300884955752213, 0.05752212389380531, 0.045722713864306784, 0.05235988200589971, 0.058997050147492625]",first,TA
MOVRUSDT,2022-02-07-00:00,2022-02-08-00:00,"[0.11283185840707964, 0.10693215339233038, 0.08775811209439528, 0.12684365781710916, 0.10766961651917405, 0.08997050147492626, 0.10324483775811209, 0.08480825958702065, 0.07817109144542773, 0.10176991150442478]",second,TA
MOVRUSDT,2022-02-08-00:00,2022-02-09-00:00,"[0.288623595505618, 0.19030898876404495, 0.13904494382022473, 0.09550561797752809, 0.07654494382022473, 0.06882022471910113, 0.05056179775280899, 0.05547752808988764, 0.0351123595505618]",first,TA
MOVRUSDT,2022-02-08-00:00,2022-02-09-00:00,"[0.12780898876404495, 0.11306179775280899, 0.08075842696629214, 0.09901685393258428, 0.10884831460674158, 0.10674157303370786, 0.08497191011235955, 0.09480337078651685, 0.08848314606741572, 0.09550561797752809]",second,TA
MOVRUSDT,2022-02-09-00:00,2022-02-10-00:00,"[0.28364688856729375, 0.1736613603473227, 0.138205499276411, 0.10709117221418235, 0.08827785817655572, 0.055716353111432707, 0.049927641099855286, 0.04630969609261939, 0.057163531114327065]",first,TA
MOVRUSDT,2022-02-09-00:00,2022-02-10-00:00,"[0.11866859623733719, 0.11722141823444283, 0.11287988422575977, 0.09696092619392185, 0.09768451519536903, 0.09840810419681621, 0.07814761215629522, 0.09768451519536903, 0.0723589001447178, 0.10998552821997105]",second,TA
MOVRUSDT,2022-02-10-00:00,2022-02-11-00:00,"[0.2996389891696751, 0.15451263537906137, 0.11913357400722022, 0.1472924187725632, 0.08014440433212996, 0.0592057761732852, 0.046209386281588445, 0.04404332129963899, 0.049819494584837545]",first,TA
MOVRUSDT,2022-02-10-00:00,2022-02-11-00:00,"[0.11696750902527075, 0.09530685920577617, 0.1292418772563177, 0.10397111913357401, 0.11768953068592057, 0.09530685920577617, 0.0851985559566787, 0.07509025270758123, 0.08014440433212996, 0.10108303249097472]",second,TA
MOVRUSDT,2022-02-11-00:00,2022-02-12-00:00,"[0.2918552036199095, 0.19457013574660634, 0.14856711915535445, 0.08672699849170437, 0.07164404223227752, 0.053544494720965306, 0.04675716440422323, 0.049773755656108594, 0.05656108597285068]",first,TA
MOVRUSDT,2022-02-11-00:00,2022-02-12-00:00,"[0.13951734539969834, 0.11613876319758673, 0.10558069381598793, 0.09351432880844646, 0.10407239819004525, 0.09577677224736049, 0.083710407239819, 0.0942684766214178, 0.08144796380090498, 0.08597285067873303]",second,TA
MOVRUSDT,2022-02-12-00:00,2022-02-13-00:00,"[0.2958715596330275, 0.1819571865443425, 0.12232415902140673, 0.0963302752293578, 0.08944954128440367, 0.06269113149847094, 0.04892966360856269, 0.05504587155963303, 0.047400611620795105]",first,TA
MOVRUSDT,2022-02-12-00:00,2022-02-13-00:00,"[0.1353211009174312, 0.10474006116207951, 0.11850152905198777, 0.10856269113149847, 0.08103975535168195, 0.09327217125382263, 0.09174311926605505, 0.10321100917431193, 0.0863914373088685, 0.077217125382263]",second,TA
MOVRUSDT,2022-02-13-00:00,2022-02-14-00:00,"[0.3049522154648132, 0.19287576020851432, 0.11728931364031277, 0.09556907037358818, 0.07211120764552563, 0.06950477845351868, 0.04691572545612511, 0.06168549087749783, 0.03909643788010426]",first,TA
MOVRUSDT,2022-02-13-00:00,2022-02-14-00:00,"[0.1155516941789748, 0.1103388357949609, 0.09904430929626412, 0.08166811468288444, 0.11294526498696786, 0.10251954821894005, 0.10686359687228497, 0.09383145091225022, 0.08774978279756733, 0.0894874022589053]",second,TA
MOVRUSDT,2022-02-14-00:00,2022-02-15-00:00,"[0.3361034164358264, 0.18928901200369344, 0.1329639889196676, 0.0840258541089566, 0.0664819944598338, 0.04801477377654663, 0.04247460757156048, 0.05632502308402586, 0.0443213296398892]",first,TA
MOVRUSDT,2022-02-14-00:00,2022-02-15-00:00,"[0.1283471837488458, 0.12280701754385964, 0.10710987996306556, 0.10156971375807941, 0.09602954755309326, 0.10064635272391505, 0.10249307479224377, 0.07479224376731301, 0.08125577100646353, 0.08494921514312095]",second,TA
MOVRUSDT,2022-02-15-00:00,2022-02-16-00:00,"[0.31263858093126384, 0.18699186991869918, 0.11012564671101256, 0.09460458240946046, 0.07760532150776053, 0.06134515890613452, 0.05395417590539542, 0.05395417590539542, 0.04878048780487805]",first,TA
MOVRUSDT,2022-02-15-00:00,2022-02-16-00:00,"[0.11012564671101256, 0.11899482631189948, 0.11382113821138211, 0.09534368070953436, 0.0975609756097561, 0.09238728750923873, 0.09608277900960828, 0.10347376201034737, 0.08056171470805618, 0.09164818920916482]",second,TA
MOVRUSDT,2022-02-16-00:00,2022-02-17-00:00,"[0.28480113636363635, 0.17755681818181818, 0.12073863636363637, 0.10298295454545454, 0.08806818181818182, 0.06818181818181818, 0.06960227272727272, 0.049005681818181816, 0.0390625]",first,TA
MOVRUSDT,2022-02-16-00:00,2022-02-17-00:00,"[0.13636363636363635, 0.10511363636363637, 0.11931818181818182, 0.10795454545454546, 0.09730113636363637, 0.07670454545454546, 0.08735795454545454, 0.09161931818181818, 0.09232954545454546, 0.0859375]",second,TA
MOVRUSDT,2022-02-17-00:00,2022-02-18-00:00,"[0.2911111111111111, 0.18666666666666668, 0.12296296296296297, 0.10962962962962963, 0.09407407407407407, 0.06296296296296296, 0.05333333333333334, 0.042222222222222223, 0.037037037037037035]",first,TA
MOVRUSDT,2022-02-17-00:00,2022-02-18-00:00,"[0.1237037037037037, 0.10518518518518519, 0.09111111111111111, 0.09925925925925926, 0.10666666666666667, 0.10814814814814815, 0.10814814814814815, 0.09185185185185185, 0.07925925925925927, 0.08666666666666667]",second,TA
MOVRUSDT,2022-02-18-00:00,2022-02-19-00:00,"[0.28592057761732853, 0.16389891696750902, 0.1111913357400722, 0.11335740072202166, 0.10108303249097472, 0.07653429602888087, 0.05270758122743682, 0.047653429602888084, 0.047653429602888084]",first,TA
MOVRUSDT,2022-02-18-00:00,2022-02-19-00:00,"[0.10324909747292418, 0.10397111913357401, 0.10397111913357401, 0.10180505415162455, 0.09314079422382672, 0.08953068592057761, 0.10252707581227437, 0.11768953068592057, 0.08086642599277978, 0.10324909747292418]",second,TA
MOVRUSDT,2022-02-19-00:00,2022-02-20-00:00,"[0.23733518390006939, 0.12074947952810548, 0.08049965301873699, 0.12630117973629423, 0.16655100624566274, 0.11589174184594032, 0.06939625260235947, 0.049271339347675226, 0.034004163775156145]",first,TA
MOVRUSDT,2022-02-19-00:00,2022-02-20-00:00,"[0.11034004163775156, 0.12421929215822346, 0.0791117279666898, 0.12144344205412907, 0.09090909090909091, 0.11172796668979876, 0.07009021512838307, 0.10340041637751561, 0.07702984038861901, 0.11172796668979876]",second,TA
MOVRUSDT,2022-02-20-00:00,2022-02-21-00:00,"[0.30132939438700146, 0.14254062038404727, 0.09010339734121123, 0.10487444608567208, 0.12629246676514033, 0.0878877400295421, 0.056129985228951254, 0.04579025110782865, 0.045051698670605614]",first,TA
MOVRUSDT,2022-02-20-00:00,2022-02-21-00:00,"[0.1085672082717873, 0.10930576070901034, 0.10782865583456426, 0.1019202363367799, 0.09453471196454949, 0.0982274741506647, 0.10044313146233383, 0.12186115214180207, 0.07090103397341212, 0.086410635155096]",second,TA
MOVRUSDT,2022-02-21-00:00,2022-02-22-00:00,"[0.33410138248847926, 0.18740399385560677, 0.11674347158218126, 0.08986175115207373, 0.054531490015360985, 0.05913978494623656, 0.059907834101382486, 0.05069124423963134, 0.047619047619047616]",first,TA
MOVRUSDT,2022-02-21-00:00,2022-02-22-00:00,"[0.1336405529953917, 0.10752688172043011, 0.10522273425499232, 0.10829493087557604, 0.09293394777265745, 0.0890937019969278, 0.10061443932411675, 0.0890937019969278, 0.08678955453149001, 0.08678955453149001]",second,TA
MOVRUSDT,2022-02-22-00:00,2022-02-23-00:00,"[0.30357142857142855, 0.17782738095238096, 0.13169642857142858, 0.10267857142857142, 0.08258928571428571, 0.0744047619047619, 0.04985119047619048, 0.03869047619047619, 0.03869047619047619]",first,TA
MOVRUSDT,2022-02-22-00:00,2022-02-23-00:00,"[0.11681547619047619, 0.08705357142857142, 0.11904761904761904, 0.1130952380952381, 0.12053571428571429, 0.09821428571428571, 0.09077380952380952, 0.0900297619047619, 0.08110119047619048, 0.08333333333333333]",second,TA
MOVRUSDT,2022-02-23-00:00,2022-02-24-00:00,"[0.28043990573448546, 0.19324430479183033, 0.13197172034564023, 0.11076197957580518, 0.07619795758051846, 0.06755695208169678, 0.05970149253731343, 0.0384917517674784, 0.041633935585231735]",first,TA
MOVRUSDT,2022-02-23-00:00,2022-02-24-00:00,"[0.12097407698350353, 0.10683424980361352, 0.10840534171249018, 0.08562450903377848, 0.10919088766692851, 0.10290652003142184, 0.09662215239591516, 0.0769835035349568, 0.08798114689709348, 0.1044776119402985]",second,TA
MOVRUSDT,2022-02-24-00:00,2022-02-25-00:00,"[0.3142857142857143, 0.16766917293233083, 0.11879699248120301, 0.10300751879699248, 0.08345864661654136, 0.059398496240601506, 0.05413533834586466, 0.05639097744360902, 0.04285714285714286]",first,TA
MOVRUSDT,2022-02-24-00:00,2022-02-25-00:00,"[0.11503759398496241, 0.10526315789473684, 0.09473684210526316, 0.09172932330827067, 0.10526315789473684, 0.10075187969924812, 0.09548872180451128, 0.10902255639097744, 0.0849624060150376, 0.09774436090225563]",second,TA
MOVRUSDT,2022-02-25-00:00,2022-02-26-00:00,"[0.3238380809595202, 0.1896551724137931, 0.11394302848575712, 0.09145427286356822, 0.07646176911544228, 0.06371814092953523, 0.04872563718140929, 0.04272863568215892, 0.049475262368815595]",first,TA
MOVRUSDT,2022-02-25-00:00,2022-02-26-00:00,"[0.11619190404797601, 0.10569715142428786, 0.11244377811094453, 0.11694152923538231, 0.09970014992503748, 0.0967016491754123, 0.08620689655172414, 0.08770614692653673, 0.06746626686656672, 0.11094452773613193]",second,TA
MOVRUSDT,2022-02-26-00:00,2022-02-27-00:00,"[0.2702492211838006, 0.1822429906542056, 0.13317757009345793, 0.10981308411214953, 0.09579439252336448, 0.07242990654205607, 0.04361370716510903, 0.042834890965732085, 0.04984423676012461]",first,TA
MOVRUSDT,2022-02-26-00:00,2022-02-27-00:00,"[0.11292834890965732, 0.1308411214953271, 0.10514018691588785, 0.102803738317757, 0.10124610591900311, 0.1043613707165109, 0.08566978193146417, 0.0794392523364486, 0.09501557632398754, 0.08255451713395638]",second,TA
MOVRUSDT,2022-02-27-00:00,2022-02-28-00:00,"[0.3069647463456578, 0.19604471195184867, 0.10834049871023216, 0.10318142734307825, 0.08770421324161651, 0.0705073086844368, 0.046431642304385214, 0.0352536543422184, 0.04557179707652623]",first,TA
MOVRUSDT,2022-02-27-00:00,2022-02-28-00:00,"[0.13671539122957868, 0.11435941530524506, 0.10404127257093723, 0.10146173688736028, 0.09286328460877043, 0.09544282029234738, 0.10060189165950129, 0.07738607050730868, 0.07136715391229578, 0.1057609630266552]",second,TA
MOVRUSDT,2022-02-28-00:00,2022-03-01-00:00,"[0.30393700787401573, 0.2031496062992126, 0.1220472440944882, 0.08582677165354331, 0.07559055118110236, 0.06456692913385827, 0.05275590551181102, 0.04409448818897638, 0.048031496062992125]",first,TA
MOVRUSDT,2022-02-28-00:00,2022-03-01-00:00,"[0.131496062992126, 0.11968503937007874, 0.1062992125984252, 0.1062992125984252, 0.1, 0.1015748031496063, 0.09685039370078741, 0.06299212598425197, 0.08661417322834646, 0.08818897637795275]",second,TA
MOVRUSDT,2022-03-01-00:00,2022-03-02-00:00,"[0.287135749822317, 0.1613361762615494, 0.10092395167022032, 0.09168443496801706, 0.09594882729211088, 0.07391613361762615, 0.07462686567164178, 0.05614783226723525, 0.05828002842928216]",first,TA
MOVRUSDT,2022-03-01-00:00,2022-03-02-00:00,"[0.11442786069651742, 0.11869225302061123, 0.12011371712864251, 0.1023454157782516, 0.11371712864250177, 0.10092395167022032, 0.10518834399431415, 0.07391613361762615, 0.09168443496801706, 0.058990760483297794]",second,TA
MOVRUSDT,2022-03-02-00:00,2022-03-03-00:00,"[0.29280575539568343, 0.1776978417266187, 0.1093525179856115, 0.1, 0.08633093525179857, 0.08848920863309352, 0.0539568345323741, 0.0460431654676259, 0.045323741007194246]",first,TA
MOVRUSDT,2022-03-02-00:00,2022-03-03-00:00,"[0.1223021582733813, 0.11438848920863309, 0.11366906474820145, 0.10287769784172662, 0.09280575539568345, 0.09568345323741007, 0.10863309352517986, 0.08776978417266187, 0.07625899280575539, 0.0856115107913669]",second,TA
MOVRUSDT,2022-03-03-00:00,2022-03-04-00:00,"[0.29334308705193857, 0.17410387710314557, 0.13533284564740308, 0.09070958302852963, 0.091441111923921, 0.06876371616678859, 0.056327724945135334, 0.05047549378200439, 0.03950256035113387]",first,TA
MOVRUSDT,2022-03-03-00:00,2022-03-04-00:00,"[0.11923920994879297, 0.12289685442574981, 0.10534016093635698, 0.10680321872713973, 0.10680321872713973, 0.10021945866861741, 0.08266276517922458, 0.09656181419166057, 0.07900512070226774, 0.08046817849305048]",second,TA
MOVRUSDT,2022-03-04-00:00,2022-03-05-00:00,"[0.3151558073654391, 0.1643059490084986, 0.09277620396600567, 0.07152974504249292, 0.08498583569405099, 0.09702549575070822, 0.06373937677053824, 0.05807365439093484, 0.05240793201133145]",first,TA
MOVRUSDT,2022-03-04-00:00,2022-03-05-00:00,"[0.12889518413597734, 0.10410764872521247, 0.09560906515580736, 0.09702549575070822, 0.11614730878186968, 0.09631728045325778, 0.0906515580736544, 0.08711048158640226, 0.09560906515580736, 0.08852691218130311]",second,TA
MOVRUSDT,2022-03-05-00:00,2022-03-06-00:00,"[0.3049490538573508, 0.14410480349344978, 0.10553129548762737, 0.06986899563318777, 0.0858806404657933, 0.10043668122270742, 0.08078602620087336, 0.06040756914119359, 0.048034934497816595]",first,TA
MOVRUSDT,2022-03-05-00:00,2022-03-06-00:00,"[0.12518195050946143, 0.12081513828238719, 0.10771470160116449, 0.08442503639010189, 0.10480349344978165, 0.09898107714701601, 0.09606986899563319, 0.09679767103347889, 0.08442503639010189, 0.08078602620087336]",second,TA
MOVRUSDT,2022-03-06-00:00,2022-03-07-00:00,"[0.2897350993377483, 0.18874172185430463, 0.1183774834437086, 0.09768211920529801, 0.0902317880794702, 0.059602649006622516, 0.055463576158940396, 0.050496688741721855, 0.04966887417218543]",first,TA
MOVRUSDT,2022-03-06-00:00,2022-03-07-00:00,"[0.12996688741721854, 0.125, 0.11092715231788079, 0.10513245033112582, 0.09768211920529801, 0.09685430463576158, 0.076158940397351, 0.07864238410596026, 0.09105960264900662, 0.08857615894039735]",second,TA
MOVRUSDT,2022-03-07-00:00,2022-03-08-00:00,"[0.30727130570758404, 0.18999218139171228, 0.10711493354182955, 0.08835027365129007, 0.09616888193901485, 0.0688037529319781, 0.05238467552775606, 0.04847537138389367, 0.04143862392494136]",first,TA
MOVRUSDT,2022-03-07-00:00,2022-03-08-00:00,"[0.1313526192337764, 0.11336982017200939, 0.11180609851446442, 0.10789679437060204, 0.09147771696637999, 0.08835027365129007, 0.0875684128225176, 0.0727130570758405, 0.09929632525410477, 0.09616888193901485]",second,TA
MOVRUSDT,2022-03-08-00:00,2022-03-09-00:00,"[0.27488514548238896, 0.18223583460949463, 0.13705972434915772, 0.11332312404287902, 0.09264931087289434, 0.0666156202143951, 0.043644716692189896, 0.045941807044410414, 0.043644716692189896]",first,TA
MOVRUSDT,2022-03-08-00:00,2022-03-09-00:00,"[0.12863705972434916, 0.11179173047473201, 0.09877488514548238, 0.10643185298621746, 0.10643185298621746, 0.09800918836140889, 0.08575803981623277, 0.0888208269525268, 0.09188361408882083, 0.08346094946401225]",second,TA
MOVRUSDT,2022-03-09-00:00,2022-03-10-00:00,"[0.3083397092578424, 0.18668706962509563, 0.13771996939556236, 0.09640397857689365, 0.07880642693190512, 0.05891354246365723, 0.046671767406273906, 0.045141545524101, 0.041315990818668706]",first,TA
MOVRUSDT,2022-03-09-00:00,2022-03-10-00:00,"[0.11782708492731446, 0.11476664116296863, 0.11476664116296863, 0.10558530986993114, 0.09793420045906656, 0.09104820198928845, 0.09410864575363427, 0.08722264728385616, 0.08339709257842387, 0.09334353481254781]",second,TA
MOVRUSDT,2022-03-10-00:00,2022-03-11-00:00,"[0.3391304347826087, 0.18023715415019761, 0.11541501976284585, 0.08221343873517786, 0.08932806324110672, 0.057707509881422925, 0.04901185770750988, 0.04426877470355731, 0.042687747035573126]",first,TA
MOVRUSDT,2022-03-10-00:00,2022-03-11-00:00,"[0.10513833992094862, 0.11778656126482213, 0.1075098814229249, 0.10039525691699605, 0.09407114624505929, 0.08300395256916997, 0.09486166007905138, 0.08695652173913043, 0.09486166007905138, 0.11541501976284585]",second,TA
MOVRUSDT,2022-03-11-00:00,2022-03-12-00:00,"[0.30008244023083264, 0.19291014014839242, 0.11294311624072548, 0.09480626545754328, 0.08161582852431987, 0.06347897774113767, 0.0651277823577906, 0.041220115416323165, 0.04781533388293487]",first,TA
MOVRUSDT,2022-03-11-00:00,2022-03-12-00:00,"[0.1442704039571311, 0.12448474855729597, 0.09645507007419621, 0.09150865622423743, 0.09315746084089035, 0.11046990931574609, 0.09727947238252267, 0.0741962077493817, 0.06677658697444352, 0.10140148392415499]",second,TA
MOVRUSDT,2022-03-12-00:00,2022-03-13-00:00,"[0.32525629077353213, 0.1891891891891892, 0.11649580615097857, 0.10531220876048462, 0.08387698042870456, 0.05125815470643057, 0.049394221808014914, 0.033550792171481825, 0.045666356011183594]",first,TA
MOVRUSDT,2022-03-12-00:00,2022-03-13-00:00,"[0.11742777260018639, 0.12301957129543337, 0.10251630941286113, 0.09040074557315937, 0.09319664492078285, 0.10065237651444547, 0.09878844361602983, 0.08108108108108109, 0.07455731593662628, 0.11835973904939422]",second,TA
MOVRUSDT,2022-03-13-00:00,2022-03-14-00:00,"[0.3008048289738431, 0.16901408450704225, 0.11871227364185111, 0.1358148893360161, 0.08551307847082495, 0.05835010060362173, 0.04124748490945674, 0.03319919517102616, 0.05734406438631791]",first,TA
MOVRUSDT,2022-03-13-00:00,2022-03-14-00:00,"[0.12173038229376258, 0.1056338028169014, 0.09456740442655935, 0.09054325955734406, 0.13682092555331993, 0.0925553319919517, 0.07847082494969819, 0.06941649899396378, 0.0875251509054326, 0.1227364185110664]",second,TA
MOVRUSDT,2022-03-14-00:00,2022-03-15-00:00,"[0.2927038626609442, 0.18197424892703862, 0.11244635193133047, 0.11759656652360514, 0.08497854077253218, 0.06351931330472103, 0.04291845493562232, 0.04206008583690987, 0.061802575107296136]",first,TA
MOVRUSDT,2022-03-14-00:00,2022-03-15-00:00,"[0.12274678111587983, 0.11502145922746781, 0.11330472103004292, 0.08841201716738198, 0.09871244635193133, 0.08927038626609442, 0.10214592274678111, 0.10386266094420601, 0.07896995708154507, 0.08755364806866953]",second,TA
MOVRUSDT,2022-03-15-00:00,2022-03-16-00:00,"[0.3020833333333333, 0.16506410256410256, 0.11698717948717949, 0.11778846153846154, 0.08333333333333333, 0.06570512820512821, 0.05128205128205128, 0.05608974358974359, 0.041666666666666664]",first,TA
MOVRUSDT,2022-03-15-00:00,2022-03-16-00:00,"[0.12099358974358974, 0.10576923076923077, 0.10657051282051282, 0.0921474358974359, 0.11217948717948718, 0.10416666666666667, 0.09695512820512821, 0.09775641025641026, 0.07852564102564102, 0.08493589743589744]",second,TA
MOVRUSDT,2022-03-16-00:00,2022-03-17-00:00,"[0.3118440779610195, 0.17541229385307347, 0.12668665667166418, 0.09820089955022489, 0.08245877061469266, 0.06596701649175413, 0.05022488755622189, 0.04872563718140929, 0.04047976011994003]",first,TA
MOVRUSDT,2022-03-16-00:00,2022-03-17-00:00,"[0.10119940029985007, 0.11469265367316342, 0.10869565217391304, 0.10044977511244378, 0.11544227886056972, 0.09820089955022489, 0.09745127436281859, 0.08845577211394302, 0.08470764617691154, 0.09070464767616192]",second,TA
MOVRUSDT,2022-03-17-00:00,2022-03-18-00:00,"[0.29858525688756515, 0.18763961280714817, 0.12360387192851824, 0.08860759493670886, 0.08711839166046165, 0.07222635889798958, 0.05361131794489948, 0.04393149664929263, 0.044676098287416234]",first,TA
MOVRUSDT,2022-03-17-00:00,2022-03-18-00:00,"[0.11764705882352941, 0.10871183916604617, 0.11839166046165302, 0.114668652271035, 0.10275502606105734, 0.10573343261355175, 0.07148175725986597, 0.08711839166046165, 0.08786299329858525, 0.08562918838421445]",second,TA
MOVRUSDT,2022-03-18-00:00,2022-03-19-00:00,"[0.30861040068201195, 0.17902813299232737, 0.11594202898550725, 0.09548167092924126, 0.10059676044330776, 0.06479113384484228, 0.05200341005967604, 0.03665814151747655, 0.04688832054560955]",first,TA
MOVRUSDT,2022-03-18-00:00,2022-03-19-00:00,"[0.14066496163682865, 0.1082693947144075, 0.09803921568627451, 0.11167945439045183, 0.12190963341858482, 0.0886615515771526, 0.08184143222506395, 0.06905370843989769, 0.06479113384484228, 0.11508951406649616]",second,TA
MOVRUSDT,2022-03-19-00:00,2022-03-20-00:00,"[0.299079754601227, 0.174079754601227, 0.12039877300613497, 0.09355828220858896, 0.07975460122699386, 0.0705521472392638, 0.06441717791411043, 0.05291411042944785, 0.04524539877300614]",first,TA
MOVRUSDT,2022-03-19-00:00,2022-03-20-00:00,"[0.13266871165644173, 0.11579754601226994, 0.09662576687116564, 0.10429447852760736, 0.10506134969325154, 0.09815950920245399, 0.08742331288343558, 0.09049079754601227, 0.07822085889570553, 0.09125766871165644]",second,TA
MOVRUSDT,2022-03-20-00:00,2022-03-21-00:00,"[0.31383737517831667, 0.16690442225392296, 0.11982881597717546, 0.09771754636233952, 0.07988587731811697, 0.05920114122681883, 0.06776034236804565, 0.0449358059914408, 0.04992867332382311]",first,TA
MOVRUSDT,2022-03-20-00:00,2022-03-21-00:00,"[0.12482168330955777, 0.11768901569186876, 0.10841654778887304, 0.10699001426533523, 0.08273894436519258, 0.09985734664764621, 0.08701854493580599, 0.09629101283880172, 0.0920114122681883, 0.08416547788873038]",second,TA
MOVRUSDT,2022-03-21-00:00,2022-03-22-00:00,"[0.3020086083213773, 0.1599713055954089, 0.12984218077474893, 0.10186513629842181, 0.07675753228120516, 0.07890961262553801, 0.05810616929698709, 0.04160688665710186, 0.050932568149210905]",first,TA
MOVRUSDT,2022-03-21-00:00,2022-03-22-00:00,"[0.12410329985652797, 0.10329985652797705, 0.09325681492109039, 0.09827833572453372, 0.1054519368723099, 0.11047345767575323, 0.09325681492109039, 0.08895265423242468, 0.09827833572453372, 0.08464849354375897]",second,TA
MOVRUSDT,2022-03-22-00:00,2022-03-23-00:00,"[0.2991202346041056, 0.18548387096774194, 0.13636363636363635, 0.09824046920821114, 0.07844574780058651, 0.054252199413489736, 0.05571847507331378, 0.03812316715542522, 0.054252199413489736]",first,TA
MOVRUSDT,2022-03-22-00:00,2022-03-23-00:00,"[0.1312316715542522, 0.1158357771260997, 0.09970674486803519, 0.09750733137829912, 0.10043988269794721, 0.08651026392961877, 0.09604105571847507, 0.09457478005865103, 0.09017595307917889, 0.08797653958944282]",second,TA
MOVRUSDT,2022-03-23-00:00,2022-03-24-00:00,"[0.28982300884955753, 0.17846607669616518, 0.10693215339233038, 0.09070796460176991, 0.08702064896755163, 0.0715339233038348, 0.06932153392330384, 0.05383480825958702, 0.05235988200589971]",first,TA
MOVRUSDT,2022-03-23-00:00,2022-03-24-00:00,"[0.13864306784660768, 0.11283185840707964, 0.11135693215339233, 0.084070796460177, 0.09734513274336283, 0.10693215339233038, 0.10176991150442478, 0.0855457227138643, 0.07817109144542773, 0.08333333333333333]",second,TA
MOVRUSDT,2022-03-24-00:00,2022-03-25-00:00,"[0.33102918586789554, 0.16052227342549924, 0.13517665130568357, 0.09600614439324116, 0.06451612903225806, 0.059907834101382486, 0.06451612903225806, 0.04915514592933948, 0.03917050691244239]",first,TA
MOVRUSDT,2022-03-24-00:00,2022-03-25-00:00,"[0.1443932411674347, 0.1205837173579109, 0.1175115207373272, 0.10368663594470046, 0.0890937019969278, 0.0967741935483871, 0.08141321044546851, 0.07603686635944701, 0.08064516129032258, 0.08986175115207373]",second,TA
MOVRUSDT,2022-03-25-00:00,2022-03-26-00:00,"[0.3273577552611068, 0.1652377240841777, 0.13406079501169135, 0.09197194076383476, 0.08495713172252534, 0.0701480904130943, 0.043647700701480906, 0.042088854247856584, 0.04053000779423227]",first,TA
MOVRUSDT,2022-03-25-00:00,2022-03-26-00:00,"[0.12314886983632112, 0.11145752143413874, 0.10911925175370225, 0.0950896336710834, 0.10210444271239283, 0.08807482462977397, 0.07950116913484022, 0.10366328916601715, 0.08028059236165237, 0.10756040530007795]",second,TA
MOVRUSDT,2022-03-26-00:00,2022-03-27-00:00,"[0.305, 0.16833333333333333, 0.1225, 0.11166666666666666, 0.0925, 0.049166666666666664, 0.056666666666666664, 0.04583333333333333, 0.04833333333333333]",first,TA
MOVRUSDT,2022-03-26-00:00,2022-03-27-00:00,"[0.14166666666666666, 0.10833333333333334, 0.10083333333333333, 0.0975, 0.08583333333333333, 0.09583333333333334, 0.1, 0.07583333333333334, 0.08166666666666667, 0.1125]",second,TA
MOVRUSDT,2022-03-27-00:00,2022-03-28-00:00,"[0.30985915492957744, 0.14333057166528584, 0.12178956089478045, 0.10273405136702568, 0.0687655343827672, 0.08533554266777134, 0.06048053024026512, 0.04971002485501243, 0.0579950289975145]",first,TA
MOVRUSDT,2022-03-27-00:00,2022-03-28-00:00,"[0.13587406793703397, 0.12013256006628004, 0.12261806130903065, 0.0927920463960232, 0.09113504556752279, 0.08947804473902236, 0.07207953603976802, 0.0811930405965203, 0.0820215410107705, 0.11267605633802817]",second,TA
MOVRUSDT,2022-03-28-00:00,2022-03-29-00:00,"[0.3123249299719888, 0.17366946778711484, 0.12324929971988796, 0.09313725490196079, 0.07282913165266107, 0.06722689075630252, 0.05322128851540616, 0.05742296918767507, 0.0469187675070028]",first,TA
MOVRUSDT,2022-03-28-00:00,2022-03-29-00:00,"[0.12745098039215685, 0.11274509803921569, 0.11484593837535013, 0.11414565826330532, 0.10224089635854341, 0.09173669467787114, 0.09173669467787114, 0.08403361344537816, 0.0784313725490196, 0.08263305322128851]",second,TA
MOVRUSDT,2022-03-29-00:00,2022-03-30-00:00,"[0.318084345961401, 0.16368834882058614, 0.12365975696926376, 0.08791994281629735, 0.07576840600428877, 0.0636168691922802, 0.07076483202287348, 0.05003573981415296, 0.04646175839885633]",first,TA
MOVRUSDT,2022-03-29-00:00,2022-03-30-00:00,"[0.1222301644031451, 0.11722659042172981, 0.11436740528949249, 0.11365260900643316, 0.10578984989278056, 0.091493924231594, 0.08005718370264475, 0.09578270192994996, 0.08005718370264475, 0.07934238741958542]",second,TA
MOVRUSDT,2022-03-30-00:00,2022-03-31-00:00,"[0.30409356725146197, 0.1739766081871345, 0.10964912280701754, 0.09868421052631579, 0.0804093567251462, 0.062134502923976605, 0.06871345029239766, 0.049707602339181284, 0.05263157894736842]",first,TA
MOVRUSDT,2022-03-30-00:00,2022-03-31-00:00,"[0.12646198830409358, 0.12280701754385964, 0.12426900584795321, 0.09137426900584796, 0.10599415204678363, 0.07821637426900585, 0.08260233918128655, 0.08698830409356725, 0.09576023391812866, 0.08552631578947369]",second,TA
MOVRUSDT,2022-03-31-00:00,2022-04-01-00:00,"[0.29838709677419356, 0.17961876832844575, 0.10557184750733138, 0.09237536656891496, 0.09310850439882698, 0.07404692082111437, 0.05791788856304985, 0.05791788856304985, 0.04105571847507331]",first,TA
MOVRUSDT,2022-03-31-00:00,2022-04-01-00:00,"[0.12316715542521994, 0.10777126099706745, 0.10263929618768329, 0.10997067448680352, 0.10190615835777127, 0.10410557184750734, 0.08357771260997067, 0.09970674486803519, 0.07258064516129033, 0.09457478005865103]",second,TA
MOVRUSDT,2022-04-01-00:00,2022-04-02-00:00,"[0.3059163059163059, 0.16161616161616163, 0.1176046176046176, 0.08152958152958154, 0.09668109668109669, 0.07864357864357864, 0.05555555555555555, 0.046176046176046176, 0.05627705627705628]",first,TA
MOVRUSDT,2022-04-01-00:00,2022-04-02-00:00,"[0.12987012987012986, 0.113997113997114, 0.11183261183261184, 0.10461760461760462, 0.0873015873015873, 0.08152958152958154, 0.08658008658008658, 0.08658008658008658, 0.0873015873015873, 0.11038961038961038]",second,TA
MOVRUSDT,2022-04-02-00:00,2022-04-03-00:00,"[0.3090399439383322, 0.18149964961457604, 0.12824106517168885, 0.102312543798178, 0.07708479327259986, 0.05816398037841626, 0.05466012613875263, 0.049754730203223546, 0.039243167484232656]",first,TA
MOVRUSDT,2022-04-02-00:00,2022-04-03-00:00,"[0.1107217939733707, 0.12333566923615978, 0.09950946040644709, 0.11212333566923616, 0.10721793973370708, 0.08759635599159075, 0.0918009810791871, 0.09530483531885074, 0.09600560616678346, 0.07638402242466713]",second,TA
MOVRUSDT,2022-04-03-00:00,2022-04-04-00:00,"[0.3009776536312849, 0.19343575418994413, 0.12220670391061453, 0.09287709497206705, 0.06564245810055866, 0.07262569832402235, 0.05377094972067039, 0.0467877094972067, 0.051675977653631286]",first,TA
MOVRUSDT,2022-04-03-00:00,2022-04-04-00:00,"[0.12360335195530726, 0.12150837988826815, 0.1138268156424581, 0.09497206703910614, 0.1026536312849162, 0.10405027932960893, 0.09776536312849161, 0.09636871508379888, 0.07472067039106145, 0.07053072625698324]",second,TA
MOVRUSDT,2022-04-04-00:00,2022-04-05-00:00,"[0.3431442928930366, 0.14716439339554918, 0.1249102656137832, 0.09978463747307968, 0.07609475951184494, 0.05671213208901651, 0.06030150753768844, 0.04953338119167265, 0.04235463029432879]",first,TA
MOVRUSDT,2022-04-04-00:00,2022-04-05-00:00,"[0.12562814070351758, 0.11557788944723618, 0.0990667623833453, 0.11127063890882986, 0.10911701363962671, 0.08542713567839195, 0.08399138549892318, 0.08686288585786073, 0.09117013639626705, 0.09188801148600144]",second,TA
MOVRUSDT,2022-04-05-00:00,2022-04-06-00:00,"[0.2936046511627907, 0.16351744186046513, 0.12209302325581395, 0.10973837209302326, 0.06031976744186047, 0.07122093023255814, 0.07049418604651163, 0.059593023255813955, 0.04941860465116279]",first,TA
MOVRUSDT,2022-04-05-00:00,2022-04-06-00:00,"[0.1119186046511628, 0.11700581395348837, 0.11482558139534883, 0.08866279069767442, 0.09956395348837209, 0.12136627906976744, 0.09738372093023256, 0.08575581395348837, 0.09084302325581395, 0.07267441860465117]",second,TA
MOVRUSDT,2022-04-06-00:00,2022-04-07-00:00,"[0.31497797356828194, 0.18061674008810572, 0.1130690161527166, 0.10572687224669604, 0.07709251101321586, 0.05800293685756241, 0.0565345080763583, 0.05286343612334802, 0.041116005873715125]",first,TA
MOVRUSDT,2022-04-06-00:00,2022-04-07-00:00,"[0.12261380323054331, 0.12922173274596183, 0.09618208516886931, 0.09177679882525698, 0.09691629955947137, 0.09104258443465492, 0.09691629955947137, 0.09104258443465492, 0.08370044052863436, 0.10058737151248165]",second,TA
MOVRUSDT,2022-04-07-00:00,2022-04-08-00:00,"[0.3213751868460389, 0.16442451420029897, 0.10837070254110613, 0.08594917787742899, 0.08146487294469357, 0.09043348281016443, 0.04932735426008968, 0.04857997010463378, 0.05007473841554559]",first,TA
MOVRUSDT,2022-04-07-00:00,2022-04-08-00:00,"[0.11733931240657698, 0.11360239162929746, 0.10762331838565023, 0.10762331838565023, 0.10687593423019431, 0.08893871449925261, 0.09940209267563528, 0.08594917787742899, 0.07922272047832586, 0.09342301943198804]",second,TA
MOVRUSDT,2022-04-08-00:00,2022-04-09-00:00,"[0.2831086439333862, 0.176050753370341, 0.1316415543219667, 0.1007137192704203, 0.0816812053925456, 0.0626486915146709, 0.0626486915146709, 0.056304520222045996, 0.04520222045995242]",first,TA
MOVRUSDT,2022-04-08-00:00,2022-04-09-00:00,"[0.11895321173671689, 0.1007137192704203, 0.10309278350515463, 0.10229976209357652, 0.09674861221252974, 0.09674861221252974, 0.09754163362410785, 0.07850911974623315, 0.09278350515463918, 0.11260904044409199]",second,TA
MOVRUSDT,2022-04-09-00:00,2022-04-10-00:00,"[0.330820770519263, 0.15912897822445563, 0.11306532663316583, 0.08040201005025126, 0.09463986599664992, 0.08626465661641541, 0.04773869346733668, 0.04355108877721943, 0.04438860971524288]",first,TA
MOVRUSDT,2022-04-09-00:00,2022-04-10-00:00,"[0.11809045226130653, 0.10552763819095477, 0.1273031825795645, 0.10385259631490787, 0.10804020100502512, 0.10050251256281408, 0.08877721943048576, 0.07872696817420435, 0.0678391959798995, 0.10134003350083752]",second,TA
MOVRUSDT,2022-04-10-00:00,2022-04-11-00:00,"[0.3220486111111111, 0.17447916666666666, 0.1293402777777778, 0.08333333333333333, 0.06684027777777778, 0.0920138888888889, 0.05381944444444445, 0.04079861111111111, 0.03732638888888889]",first,TA
MOVRUSDT,2022-04-10-00:00,2022-04-11-00:00,"[0.1267361111111111, 0.11284722222222222, 0.10590277777777778, 0.11371527777777778, 0.10243055555555555, 0.09461805555555555, 0.08680555555555555, 0.0876736111111111, 0.078125, 0.09114583333333333]",second,TA
MOVRUSDT,2022-04-11-00:00,2022-04-12-00:00,"[0.3195635229929852, 0.15900233826968044, 0.11457521434138737, 0.09976617303195635, 0.0779423226812159, 0.06858924395947, 0.05378020265003897, 0.059236165237724084, 0.0475448168355417]",first,TA
MOVRUSDT,2022-04-11-00:00,2022-04-12-00:00,"[0.13561964146531566, 0.10132501948558068, 0.11457521434138737, 0.09431021044427124, 0.0989867498051442, 0.08261886204208885, 0.10210444271239283, 0.08339828526890102, 0.08495713172252534, 0.10210444271239283]",second,TA
MOVRUSDT,2022-04-12-00:00,2022-04-13-00:00,"[0.32413793103448274, 0.18007662835249041, 0.11264367816091954, 0.10114942528735632, 0.08352490421455938, 0.06590038314176246, 0.04827586206896552, 0.04291187739463601, 0.041379310344827586]",first,TA
MOVRUSDT,2022-04-12-00:00,2022-04-13-00:00,"[0.12643678160919541, 0.1049808429118774, 0.09731800766283524, 0.09578544061302682, 0.09118773946360154, 0.10957854406130269, 0.09348659003831418, 0.0950191570881226, 0.08735632183908046, 0.09885057471264368]",second,TA
MOVRUSDT,2022-04-13-00:00,2022-04-14-00:00,"[0.3053173241852487, 0.18610634648370497, 0.10891938250428816, 0.11749571183533447, 0.07032590051457976, 0.07890222984562607, 0.05574614065180103, 0.03945111492281304, 0.03773584905660377]",first,TA
MOVRUSDT,2022-04-13-00:00,2022-04-14-00:00,"[0.11921097770154374, 0.12778730703259006, 0.08662092624356775, 0.09005145797598628, 0.10548885077186965, 0.0823327615780446, 0.08833619210977701, 0.09348198970840481, 0.09691252144082332, 0.1097770154373928]",second,TA
MOVRUSDT,2022-04-14-00:00,2022-04-15-00:00,"[0.29983525535420097, 0.17462932454695224, 0.11779242174629324, 0.10461285008237232, 0.07907742998352553, 0.06836902800658978, 0.06589785831960461, 0.04612850082372323, 0.04365733113673806]",first,TA
MOVRUSDT,2022-04-14-00:00,2022-04-15-00:00,"[0.13097199341021418, 0.10955518945634267, 0.09225700164744646, 0.09225700164744646, 0.09390444810543658, 0.09719934102141681, 0.08649093904448106, 0.10378912685337727, 0.09884678747940692, 0.09472817133443164]",second,TA
MOVRUSDT,2022-04-15-00:00,2022-04-16-00:00,"[0.3133047210300429, 0.19141630901287554, 0.12618025751072962, 0.0703862660944206, 0.08669527896995709, 0.07982832618025751, 0.050643776824034335, 0.04034334763948498, 0.041201716738197426]",first,TA
MOVRUSDT,2022-04-15-00:00,2022-04-16-00:00,"[0.12703862660944207, 0.1072961373390558, 0.09699570815450644, 0.12017167381974249, 0.08412017167381974, 0.07896995708154507, 0.09098712446351931, 0.0944206008583691, 0.08841201716738198, 0.11158798283261803]",second,TA
MOVRUSDT,2022-04-16-00:00,2022-04-17-00:00,"[0.30120481927710846, 0.16774791473586653, 0.11306765523632993, 0.08619091751621873, 0.09082483781278962, 0.0732159406858202, 0.04819277108433735, 0.061167747914735865, 0.05838739573679333]",first,TA
MOVRUSDT,2022-04-16-00:00,2022-04-17-00:00,"[0.11584800741427248, 0.11584800741427248, 0.10936051899907322, 0.10843373493975904, 0.09267840593141798, 0.07043558850787766, 0.0778498609823911, 0.10750695088044486, 0.0963855421686747, 0.1056533827618165]",second,TA
MOVRUSDT,2022-04-17-00:00,2022-04-18-00:00,"[0.30950510604870385, 0.16182246661429694, 0.11390416339355852, 0.10290652003142184, 0.0840534171249018, 0.060487038491751764, 0.060487038491751764, 0.051846032992930086, 0.05498821681068342]",first,TA
MOVRUSDT,2022-04-17-00:00,2022-04-18-00:00,"[0.13825608798114689, 0.09897879025923016, 0.11076197957580518, 0.10369206598586017, 0.11233307148468186, 0.09033778476040849, 0.09819324430479183, 0.07541241162608013, 0.08091123330714847, 0.09112333071484682]",second,TA
MOVRUSDT,2022-04-18-00:00,2022-04-19-00:00,"[0.2962668784749801, 0.1715647339158062, 0.12073073868149325, 0.10246227164416204, 0.08339952343129468, 0.07625099285146943, 0.048451151707704525, 0.05003971405877681, 0.050833995234312944]",first,TA
MOVRUSDT,2022-04-18-00:00,2022-04-19-00:00,"[0.11040508339952343, 0.1374106433677522, 0.09213661636219221, 0.0976965845909452, 0.0976965845909452, 0.10722795869737888, 0.09690230341540905, 0.0818109610802224, 0.08022239872915012, 0.09849086576648133]",second,TA
MOVRUSDT,2022-04-19-00:00,2022-04-20-00:00,"[0.30781373322809785, 0.186266771902131, 0.1270718232044199, 0.08602999210734018, 0.08524072612470403, 0.06550907655880031, 0.049723756906077346, 0.04656669297553275, 0.04577742699289661]",first,TA
MOVRUSDT,2022-04-19-00:00,2022-04-20-00:00,"[0.11444356748224152, 0.10891870560378848, 0.10891870560378848, 0.1254932912391476, 0.10339384372533544, 0.07892659826361484, 0.10023677979479084, 0.09392265193370165, 0.08839779005524862, 0.07734806629834254]",second,TA
MOVRUSDT,2022-04-20-00:00,2022-04-21-00:00,"[0.343701399688958, 0.16640746500777606, 0.11975116640746501, 0.10342146189735614, 0.08320373250388803, 0.07153965785381027, 0.04354587869362364, 0.03265940902021773, 0.03576982892690513]",first,TA
MOVRUSDT,2022-04-20-00:00,2022-04-21-00:00,"[0.11119751166407466, 0.11119751166407466, 0.13919129082426127, 0.10653188180404355, 0.09953343701399689, 0.08786936236391912, 0.08786936236391912, 0.08320373250388803, 0.07620528771384137, 0.09720062208398134]",second,TA
MOVRUSDT,2022-04-21-00:00,2022-04-22-00:00,"[0.3209342560553633, 0.18252595155709342, 0.12283737024221453, 0.10034602076124567, 0.07612456747404844, 0.06920415224913495, 0.04411764705882353, 0.03460207612456748, 0.04930795847750865]",first,TA
MOVRUSDT,2022-04-21-00:00,2022-04-22-00:00,"[0.13408304498269896, 0.11245674740484429, 0.10813148788927336, 0.092560553633218, 0.10553633217993079, 0.0847750865051903, 0.10034602076124567, 0.08304498269896193, 0.08131487889273356, 0.09775086505190311]",second,TA
MOVRUSDT,2022-04-22-00:00,2022-04-23-00:00,"[0.28422738190552443, 0.18094475580464373, 0.11929543634907927, 0.10248198558847077, 0.08486789431545236, 0.07285828662930344, 0.0488390712570056, 0.04803843074459568, 0.05844675740592474]",first,TA
MOVRUSDT,2022-04-22-00:00,2022-04-23-00:00,"[0.11529223378702963, 0.10728582866293035, 0.11048839071257005, 0.0944755804643715, 0.11609287429943956, 0.08246597277822258, 0.09207365892714171, 0.08967173738991192, 0.09207365892714171, 0.100080064051241]",second,TA
MOVRUSDT,2022-04-23-00:00,2022-04-24-00:00,"[0.29263746505125815, 0.18173345759552656, 0.12208760484622554, 0.08946877912395154, 0.08946877912395154, 0.07082945013979497, 0.05964585274930102, 0.05032618825722274, 0.04380242311276794]",first,TA
MOVRUSDT,2022-04-23-00:00,2022-04-24-00:00,"[0.12488350419384903, 0.10904007455731593, 0.09692451071761417, 0.09692451071761417, 0.09692451071761417, 0.09412861136999068, 0.097856477166822, 0.09878844361602983, 0.09133271202236719, 0.09319664492078285]",second,TA
MOVRUSDT,2022-04-24-00:00,2022-04-25-00:00,"[0.31473684210526315, 0.20210526315789473, 0.10842105263157895, 0.06947368421052631, 0.09263157894736843, 0.05263157894736842, 0.05473684210526316, 0.05052631578947368, 0.05473684210526316]",first,TA
MOVRUSDT,2022-04-24-00:00,2022-04-25-00:00,"[0.1168421052631579, 0.11263157894736842, 0.11578947368421053, 0.08736842105263158, 0.10631578947368421, 0.10210526315789474, 0.08105263157894736, 0.09368421052631579, 0.07578947368421053, 0.10842105263157895]",second,TA
MOVRUSDT,2022-04-25-00:00,2022-04-26-00:00,"[0.2924747866563227, 0.19006982156710628, 0.11249030256012413, 0.09076803723816912, 0.08456167571761056, 0.07525213343677269, 0.06283941039565555, 0.04266873545384019, 0.048875096974398756]",first,TA
MOVRUSDT,2022-04-25-00:00,2022-04-26-00:00,"[0.12335143522110163, 0.11714507370054306, 0.10628394103956555, 0.10550814584949574, 0.10395655546935609, 0.11559348332040341, 0.08533747090768037, 0.06671838634600466, 0.0791311093871218, 0.0969743987587277]",second,TA
MOVRUSDT,2022-04-26-00:00,2022-04-27-00:00,"[0.3085284280936455, 0.16806020066889632, 0.11371237458193979, 0.10785953177257525, 0.09280936454849498, 0.07023411371237458, 0.03678929765886288, 0.05100334448160535, 0.05100334448160535]",first,TA
MOVRUSDT,2022-04-26-00:00,2022-04-27-00:00,"[0.13795986622073578, 0.10953177257525083, 0.09364548494983277, 0.11705685618729098, 0.09364548494983277, 0.09615384615384616, 0.08779264214046822, 0.0903010033444816, 0.07525083612040134, 0.09866220735785954]",second,TA
MOVRUSDT,2022-04-27-00:00,2022-04-28-00:00,"[0.30295566502463056, 0.16995073891625614, 0.13136288998357964, 0.10673234811165845, 0.08784893267651889, 0.05582922824302135, 0.06239737274220033, 0.03284072249589491, 0.05008210180623974]",first,TA
MOVRUSDT,2022-04-27-00:00,2022-04-28-00:00,"[0.13711001642036125, 0.10591133004926108, 0.09852216748768473, 0.10837438423645321, 0.09277504105090312, 0.09277504105090312, 0.09770114942528736, 0.10098522167487685, 0.07389162561576355, 0.09195402298850575]",second,TA
MOVRUSDT,2022-04-28-00:00,2022-04-29-00:00,"[0.2890625, 0.18663194444444445, 0.13194444444444445, 0.09722222222222222, 0.0954861111111111, 0.05555555555555555, 0.04079861111111111, 0.04600694444444445, 0.057291666666666664]",first,TA
MOVRUSDT,2022-04-28-00:00,2022-04-29-00:00,"[0.109375, 0.11458333333333333, 0.12152777777777778, 0.1154513888888889, 0.0763888888888889, 0.10416666666666667, 0.09027777777777778, 0.058159722222222224, 0.08506944444444445, 0.125]",second,TA
MOVRUSDT,2022-04-29-00:00,2022-04-30-00:00,"[0.2789992418498863, 0.16906747536012132, 0.11751326762699014, 0.11144806671721001, 0.07808946171341925, 0.0576194086429113, 0.060652009097801364, 0.05534495830174375, 0.0712661106899166]",first,TA
MOVRUSDT,2022-04-29-00:00,2022-04-30-00:00,"[0.12206216830932524, 0.09097801364670205, 0.1068991660348749, 0.1023502653525398, 0.11220621683093253, 0.09249431387414708, 0.08946171341925702, 0.10007581501137225, 0.08794541319181198, 0.09552691432903715]",second,TA
MOVRUSDT,2022-04-30-00:00,2022-05-01-00:00,"[0.26608695652173914, 0.19043478260869565, 0.1443478260869565, 0.10869565217391304, 0.08434782608695653, 0.06521739130434782, 0.04869565217391304, 0.04434782608695652, 0.04782608695652174]",first,TA
MOVRUSDT,2022-04-30-00:00,2022-05-01-00:00,"[0.10434782608695652, 0.12173913043478261, 0.11043478260869566, 0.09478260869565218, 0.09304347826086956, 0.12173913043478261, 0.09826086956521739, 0.08782608695652173, 0.08434782608695653, 0.08347826086956522]",second,TA
MOVRUSDT,2022-05-01-00:00,2022-05-02-00:00,"[0.2844690966719493, 0.19730586370839936, 0.1133122028526149, 0.10776545166402536, 0.07765451664025357, 0.06259904912836767, 0.061014263074484945, 0.04833597464342314, 0.04754358161648178]",first,TA
MOVRUSDT,2022-05-01-00:00,2022-05-02-00:00,"[0.13946117274167988, 0.10776545166402536, 0.09429477020602219, 0.10538827258320127, 0.11648177496038035, 0.07923930269413629, 0.09667194928684628, 0.08399366085578447, 0.08003169572107766, 0.09667194928684628]",second,TA
MOVRUSDT,2022-05-02-00:00,2022-05-03-00:00,"[0.28055077452667815, 0.19104991394148021, 0.12220309810671257, 0.11962134251290878, 0.08003442340791739, 0.058519793459552494, 0.05335628227194492, 0.04647160068846816, 0.04819277108433735]",first,TA
MOVRUSDT,2022-05-02-00:00,2022-05-03-00:00,"[0.14888123924268504, 0.12048192771084337, 0.11617900172117039, 0.10068846815834767, 0.1144578313253012, 0.0774526678141136, 0.08950086058519793, 0.06970740103270223, 0.06368330464716007, 0.09896729776247848]",second,TA
MOVRUSDT,2022-05-03-00:00,2022-05-04-00:00,"[0.2877906976744186, 0.19476744186046513, 0.10949612403100775, 0.11918604651162791, 0.10174418604651163, 0.046511627906976744, 0.045542635658914726, 0.04844961240310078, 0.046511627906976744]",first,TA
MOVRUSDT,2022-05-03-00:00,2022-05-04-00:00,"[0.16472868217054262, 0.10949612403100775, 0.1065891472868217, 0.07655038759689922, 0.08624031007751938, 0.08817829457364341, 0.08817829457364341, 0.09011627906976744, 0.07364341085271318, 0.11627906976744186]",second,TA
MOVRUSDT,2022-05-04-00:00,2022-05-05-00:00,"[0.28830645161290325, 0.18245967741935484, 0.13709677419354838, 0.10786290322580645, 0.07862903225806452, 0.05141129032258065, 0.05040322580645161, 0.05443548387096774, 0.04939516129032258]",first,TA
MOVRUSDT,2022-05-04-00:00,2022-05-05-00:00,"[0.16028225806451613, 0.10887096774193548, 0.12399193548387097, 0.09375, 0.07762096774193548, 0.09475806451612903, 0.0846774193548387, 0.0655241935483871, 0.07963709677419355, 0.11088709677419355]",second,TA
MOVRUSDT,2022-05-05-00:00,2022-05-06-00:00,"[0.2986463620981388, 0.1692047377326565, 0.12351945854483926, 0.10067681895093063, 0.0922165820642978, 0.051607445008460234, 0.04991539763113367, 0.06514382402707276, 0.049069373942470386]",first,TA
MOVRUSDT,2022-05-05-00:00,2022-05-06-00:00,"[0.12521150592216582, 0.12013536379018612, 0.10913705583756345, 0.10321489001692047, 0.10913705583756345, 0.08037225042301184, 0.09560067681895093, 0.08037225042301184, 0.0829103214890017, 0.09390862944162437]",second,TA
MOVRUSDT,2022-05-06-00:00,2022-05-07-00:00,"[0.31636980491942324, 0.1628498727735369, 0.13061916878710772, 0.09499575911789652, 0.07463952502120441, 0.06870229007633588, 0.04495335029686175, 0.05343511450381679, 0.05343511450381679]",first,TA
MOVRUSDT,2022-05-06-00:00,2022-05-07-00:00,"[0.13486005089058525, 0.11620016963528414, 0.10432569974554708, 0.08057675996607294, 0.09923664122137404, 0.10602205258693809, 0.08651399491094147, 0.08481764206955046, 0.07803223070398643, 0.10941475826972011]",second,TA
MOVRUSDT,2022-05-07-00:00,2022-05-08-00:00,"[0.2817182817182817, 0.19480519480519481, 0.13186813186813187, 0.1048951048951049, 0.07292707292707293, 0.055944055944055944, 0.06293706293706294, 0.04195804195804196, 0.052947052947052944]",first,TA
MOVRUSDT,2022-05-07-00:00,2022-05-08-00:00,"[0.13886113886113885, 0.11688311688311688, 0.0999000999000999, 0.08291708291708291, 0.1038961038961039, 0.08391608391608392, 0.0919080919080919, 0.09090909090909091, 0.08791208791208792, 0.1028971028971029]",second,TA
MOVRUSDT,2022-05-08-00:00,2022-05-09-00:00,"[0.3228813559322034, 0.18898305084745762, 0.13728813559322034, 0.0847457627118644, 0.059322033898305086, 0.05508474576271186, 0.059322033898305086, 0.05084745762711865, 0.04152542372881356]",first,TA
MOVRUSDT,2022-05-08-00:00,2022-05-09-00:00,"[0.14152542372881355, 0.11016949152542373, 0.08898305084745763, 0.10254237288135593, 0.09067796610169492, 0.08559322033898305, 0.08389830508474576, 0.09491525423728814, 0.09322033898305085, 0.10847457627118644]",second,TA
MOVRUSDT,2022-05-09-00:00,2022-05-10-00:00,"[0.2827140549273021, 0.18336025848142165, 0.14620355411954766, 0.10016155088852989, 0.0791599353796446, 0.08077544426494346, 0.051696284329563816, 0.035541195476575124, 0.04038772213247173]",first,TA
MOVRUSDT,2022-05-09-00:00,2022-05-10-00:00,"[0.13004846526655897, 0.1098546042003231, 0.1050080775444265, 0.10420032310177706, 0.09693053311793215, 0.0864297253634895, 0.08804523424878836, 0.07996768982229402, 0.09208400646203554, 0.1074313408723748]",second,TA
MOVRUSDT,2022-05-10-00:00,2022-05-11-00:00,"[0.2918454935622318, 0.17024320457796852, 0.11945636623748211, 0.10157367668097282, 0.08512160228898426, 0.0736766809728183, 0.0536480686695279, 0.05150214592274678, 0.05293276108726753]",first,TA
MOVRUSDT,2022-05-10-00:00,2022-05-11-00:00,"[0.11802575107296137, 0.11015736766809728, 0.09799713876967096, 0.10872675250357654, 0.10586552217453506, 0.09871244635193133, 0.10371959942775394, 0.10014306151645208, 0.0765379113018598, 0.08011444921316166]",second,TA
MOVRUSDT,2022-05-11-00:00,2022-05-12-00:00,"[0.3074733096085409, 0.1608540925266904, 0.11530249110320284, 0.09537366548042704, 0.06903914590747331, 0.07473309608540925, 0.06476868327402135, 0.060498220640569395, 0.05195729537366548]",first,TA
MOVRUSDT,2022-05-11-00:00,2022-05-12-00:00,"[0.13309608540925266, 0.11530249110320284, 0.10533807829181495, 0.10889679715302492, 0.09181494661921709, 0.08754448398576513, 0.100355871886121, 0.08256227758007118, 0.08185053380782918, 0.09323843416370106]",second,TA
MOVRUSDT,2022-05-12-00:00,2022-05-13-00:00,"[0.28067700987306066, 0.16784203102961917, 0.11847672778561354, 0.09167842031029619, 0.09026798307475317, 0.08603667136812412, 0.06558533145275035, 0.05148095909732017, 0.047954866008462625]",first,TA
MOVRUSDT,2022-05-12-00:00,2022-05-13-00:00,"[0.12059238363892807, 0.11424541607898449, 0.10648801128349789, 0.09026798307475317, 0.11777150916784203, 0.09873060648801128, 0.1008462623413258, 0.0923836389280677, 0.07193229901269393, 0.08674188998589563]",second,TA
MOVRUSDT,2022-05-13-00:00,2022-05-14-00:00,"[0.2856104651162791, 0.1875, 0.12645348837209303, 0.1068313953488372, 0.07630813953488372, 0.061046511627906974, 0.061046511627906974, 0.0559593023255814, 0.03924418604651163]",first,TA
MOVRUSDT,2022-05-13-00:00,2022-05-14-00:00,"[0.11482558139534883, 0.12063953488372094, 0.10973837209302326, 0.08938953488372094, 0.11700581395348837, 0.1002906976744186, 0.08430232558139535, 0.09665697674418605, 0.08938953488372094, 0.07776162790697674]",second,TA
MOVRUSDT,2022-05-14-00:00,2022-05-15-00:00,"[0.3023975251353442, 0.18870843000773396, 0.1105955143078113, 0.0897138437741686, 0.07269914926527456, 0.06805877803557618, 0.05723124516627997, 0.05568445475638051, 0.05491105955143078]",first,TA
MOVRUSDT,2022-05-14-00:00,2022-05-15-00:00,"[0.13921113689095127, 0.13534416086620263, 0.10904872389791183, 0.09822119102861562, 0.09358081979891725, 0.08739365815931942, 0.0951276102088167, 0.0843000773395205, 0.08120649651972157, 0.0765661252900232]",second,TA
MOVRUSDT,2022-05-15-00:00,2022-05-16-00:00,"[0.2964563526361279, 0.19187554019014694, 0.13569576490924806, 0.09420916162489196, 0.07000864304235091, 0.05704407951598963, 0.06395851339671564, 0.03889369057908384, 0.05185825410544512]",first,TA
MOVRUSDT,2022-05-15-00:00,2022-05-16-00:00,"[0.12705272255834055, 0.12359550561797752, 0.10371650821089023, 0.11927398444252377, 0.10198789974070872, 0.09939498703543648, 0.0898876404494382, 0.0682800345721694, 0.08210890233362143, 0.0847018150388937]",second,TA
MOVRUSDT,2022-05-16-00:00,2022-05-17-00:00,"[0.2975646879756469, 0.18188736681887366, 0.12252663622526636, 0.1156773211567732, 0.0639269406392694, 0.07382039573820395, 0.05707762557077625, 0.0471841704718417, 0.04033485540334855]",first,TA
MOVRUSDT,2022-05-16-00:00,2022-05-17-00:00,"[0.106544901065449, 0.1187214611872146, 0.12252663622526636, 0.11643835616438356, 0.09056316590563165, 0.0943683409436834, 0.091324200913242, 0.0867579908675799, 0.0821917808219178, 0.09056316590563165]",second,TA
MOVRUSDT,2022-05-17-00:00,2022-05-18-00:00,"[0.30796460176991153, 0.1911504424778761, 0.12920353982300886, 0.09469026548672567, 0.061061946902654866, 0.05929203539823009, 0.05575221238938053, 0.05309734513274336, 0.047787610619469026]",first,TA
MOVRUSDT,2022-05-17-00:00,2022-05-18-00:00,"[0.10176991150442478, 0.11150442477876106, 0.11327433628318584, 0.09026548672566372, 0.12035398230088495, 0.09115044247787611, 0.08672566371681416, 0.09380530973451327, 0.0920353982300885, 0.09911504424778761]",second,TA
MOVRUSDT,2022-05-18-00:00,2022-05-19-00:00,"[0.2843866171003718, 0.18587360594795538, 0.13289962825278812, 0.09107806691449814, 0.09107806691449814, 0.06598513011152417, 0.05018587360594796, 0.047397769516728624, 0.05111524163568773]",first,TA
MOVRUSDT,2022-05-18-00:00,2022-05-19-00:00,"[0.13289962825278812, 0.11524163568773234, 0.12453531598513011, 0.10966542750929369, 0.09293680297397769, 0.08550185873605948, 0.08178438661710037, 0.07713754646840149, 0.08736059479553904, 0.09293680297397769]",second,TA
MOVRUSDT,2022-05-19-00:00,2022-05-20-00:00,"[0.29300567107750475, 0.1947069943289225, 0.13988657844990549, 0.11814744801512288, 0.06049149338374291, 0.0661625708884688, 0.04914933837429111, 0.04064272211720227, 0.03780718336483932]",first,TA
MOVRUSDT,2022-05-19-00:00,2022-05-20-00:00,"[0.11625708884688091, 0.10869565217391304, 0.11814744801512288, 0.09073724007561437, 0.1001890359168242, 0.08790170132325142, 0.0945179584120983, 0.10113421550094517, 0.0831758034026465, 0.09924385633270322]",second,TA
MOVRUSDT,2022-05-20-00:00,2022-05-21-00:00,"[0.2915811088295688, 0.19301848049281314, 0.1273100616016427, 0.11293634496919917, 0.060574948665297744, 0.06262833675564682, 0.06570841889117043, 0.04004106776180698, 0.04620123203285421]",first,TA
MOVRUSDT,2022-05-20-00:00,2022-05-21-00:00,"[0.11704312114989733, 0.15195071868583163, 0.10574948665297741, 0.09240246406570841, 0.10472279260780287, 0.07494866529774127, 0.08008213552361396, 0.08521560574948665, 0.09342915811088295, 0.0944558521560575]",second,TA
MOVRUSDT,2022-05-21-00:00,2022-05-22-00:00,"[0.27315914489311166, 0.20190023752969122, 0.09738717339667459, 0.12589073634204276, 0.0831353919239905, 0.07125890736342043, 0.05344418052256532, 0.0510688836104513, 0.04275534441805225]",first,TA
MOVRUSDT,2022-05-21-00:00,2022-05-22-00:00,"[0.11282660332541568, 0.13895486935866982, 0.1163895486935867, 0.10807600950118765, 0.07838479809976247, 0.09857482185273159, 0.09144893111638955, 0.09263657957244656, 0.07482185273159145, 0.08788598574821853]",second,TA
MOVRUSDT,2022-05-22-00:00,2022-05-23-00:00,"[0.29039070749736007, 0.21858500527983105, 0.13727560718057022, 0.10242872228088701, 0.07708553326293559, 0.0665258711721225, 0.048574445617740235, 0.03273495248152059, 0.026399155227032733]",first,TA
MOVRUSDT,2022-05-22-00:00,2022-05-23-00:00,"[0.1235480464625132, 0.13199577613516367, 0.08025343189017951, 0.11510031678986272, 0.11298838437170011, 0.09186906019007392, 0.07602956705385427, 0.08553326293558607, 0.08870116156282999, 0.09398099260823653]",second,TA
MOVRUSDT,2022-05-23-00:00,2022-05-24-00:00,"[0.2917933130699088, 0.1641337386018237, 0.1398176291793313, 0.08915906788247213, 0.0972644376899696, 0.06889564336372847, 0.05876393110435663, 0.040526849037487336, 0.04964539007092199]",first,TA
MOVRUSDT,2022-05-23-00:00,2022-05-24-00:00,"[0.13272543059777103, 0.12360688956433637, 0.12664640324214793, 0.10131712259371833, 0.0911854103343465, 0.0851063829787234, 0.06788247213779129, 0.08308004052684904, 0.09017223910840932, 0.09827760891590678]",second,TA
MOVRUSDT,2022-05-24-00:00,2022-05-25-00:00,"[0.2590068159688413, 0.19279454722492698, 0.15579357351509251, 0.09737098344693282, 0.07010710808179163, 0.08179162609542356, 0.05647517039922103, 0.042843232716650435, 0.043816942551119765]",first,TA
MOVRUSDT,2022-05-24-00:00,2022-05-25-00:00,"[0.12366114897760468, 0.12658227848101267, 0.10223953261927946, 0.10126582278481013, 0.09152872444011685, 0.09737098344693282, 0.08081791626095423, 0.07497565725413827, 0.0866601752677702, 0.11489776046738072]",second,TA
MOVRUSDT,2022-05-25-00:00,2022-05-26-00:00,"[0.26053639846743293, 0.20593869731800765, 0.14272030651340997, 0.1053639846743295, 0.09003831417624521, 0.06417624521072797, 0.05076628352490421, 0.03735632183908046, 0.04310344827586207]",first,TA
MOVRUSDT,2022-05-25-00:00,2022-05-26-00:00,"[0.14367816091954022, 0.1082375478927203, 0.11781609195402298, 0.06609195402298851, 0.09770114942528736, 0.09291187739463602, 0.09195402298850575, 0.08237547892720307, 0.09195402298850575, 0.10727969348659004]",second,TA
MOVRUSDT,2022-05-26-00:00,2022-05-27-00:00,"[0.26674107142857145, 0.17745535714285715, 0.14620535714285715, 0.11272321428571429, 0.07700892857142858, 0.07254464285714286, 0.05357142857142857, 0.041294642857142856, 0.052455357142857144]",first,TA
MOVRUSDT,2022-05-26-00:00,2022-05-27-00:00,"[0.13392857142857142, 0.125, 0.09933035714285714, 0.09263392857142858, 0.1015625, 0.09040178571428571, 0.10267857142857142, 0.07477678571428571, 0.09263392857142858, 0.08705357142857142]",second,TA
MOVRUSDT,2022-05-27-00:00,2022-05-28-00:00,"[0.291886195995785, 0.1559536354056902, 0.13593256059009484, 0.10642781875658588, 0.0642781875658588, 0.08429926238145416, 0.0547945205479452, 0.05690200210748156, 0.04952581664910432]",first,TA
MOVRUSDT,2022-05-27-00:00,2022-05-28-00:00,"[0.11169652265542676, 0.11907270811380401, 0.11275026343519494, 0.10221285563751317, 0.0916754478398314, 0.10642781875658588, 0.08956796628029505, 0.07481559536354057, 0.1053740779768177, 0.08640674394099052]",second,TA
MOVRUSDT,2022-05-28-00:00,2022-05-29-00:00,"[0.2965686274509804, 0.18137254901960784, 0.14215686274509803, 0.10049019607843138, 0.06372549019607843, 0.07598039215686274, 0.051470588235294115, 0.049019607843137254, 0.0392156862745098]",first,TA
MOVRUSDT,2022-05-28-00:00,2022-05-29-00:00,"[0.14705882352941177, 0.13725490196078433, 0.08946078431372549, 0.0821078431372549, 0.09068627450980392, 0.09558823529411764, 0.07598039215686274, 0.08823529411764706, 0.09681372549019608, 0.09681372549019608]",second,TA
MOVRUSDT,2022-05-29-00:00,2022-05-30-00:00,"[0.2801047120418848, 0.19633507853403143, 0.13350785340314136, 0.13743455497382198, 0.06544502617801047, 0.0549738219895288, 0.041884816753926704, 0.04581151832460733, 0.04450261780104712]",first,TA
MOVRUSDT,2022-05-29-00:00,2022-05-30-00:00,"[0.17015706806282724, 0.09554973821989529, 0.09816753926701571, 0.10340314136125654, 0.10471204188481675, 0.08769633507853403, 0.08376963350785341, 0.06675392670157068, 0.07853403141361257, 0.11125654450261781]",second,TA
MOVRUSDT,2022-05-30-00:00,2022-05-31-00:00,"[0.29988726042841035, 0.1995490417136415, 0.10259301014656144, 0.11837655016910936, 0.06989853438556934, 0.05411499436302142, 0.05411499436302142, 0.060879368658399095, 0.040586245772266064]",first,TA
MOVRUSDT,2022-05-30-00:00,2022-05-31-00:00,"[0.1262683201803833, 0.12852311161217586, 0.11161217587373168, 0.12175873731679819, 0.09470124013528748, 0.08680947012401354, 0.09019165727170236, 0.07328072153325817, 0.07891770011273957, 0.08793686583990981]",second,TA
MOVRUSDT,2022-05-31-00:00,2022-06-01-00:00,"[0.3103112840466926, 0.18093385214007782, 0.11089494163424124, 0.10992217898832685, 0.07392996108949416, 0.06031128404669261, 0.057392996108949414, 0.037937743190661476, 0.058365758754863814]",first,TA
MOVRUSDT,2022-05-31-00:00,2022-06-01-00:00,"[0.13326848249027237, 0.10992217898832685, 0.11089494163424124, 0.12354085603112841, 0.0933852140077821, 0.07782101167315175, 0.07295719844357977, 0.0914396887159533, 0.06906614785992218, 0.11770428015564202]",second,TA
MOVRUSDT,2022-06-01-00:00,2022-06-02-00:00,"[0.28125, 0.20905172413793102, 0.12607758620689655, 0.125, 0.07327586206896551, 0.04849137931034483, 0.04310344827586207, 0.04741379310344827, 0.04633620689655173]",first,TA
MOVRUSDT,2022-06-01-00:00,2022-06-02-00:00,"[0.13254310344827586, 0.11099137931034483, 0.10452586206896551, 0.12392241379310345, 0.10237068965517242, 0.08728448275862069, 0.08189655172413793, 0.07866379310344827, 0.08512931034482758, 0.09267241379310345]",second,TA
MOVRUSDT,2022-06-02-00:00,2022-06-03-00:00,"[0.294250281848929, 0.18151071025930102, 0.11950394588500564, 0.1262683201803833, 0.07102593010146561, 0.07215332581736189, 0.060879368658399095, 0.036076662908680945, 0.038331454340473504]",first,TA
MOVRUSDT,2022-06-02-00:00,2022-06-03-00:00,"[0.16234498308906425, 0.10822998872604284, 0.10259301014656144, 0.09808342728297632, 0.09470124013528748, 0.08793686583990981, 0.09244644870349493, 0.05636978579481398, 0.08455467869222097, 0.11273957158962795]",second,TA
MOVRUSDT,2022-06-03-00:00,2022-06-04-00:00,"[0.2880658436213992, 0.21536351165980797, 0.12345679012345678, 0.11796982167352538, 0.07270233196159122, 0.0438957475994513, 0.03292181069958848, 0.053497942386831275, 0.05212620027434842]",first,TA
MOVRUSDT,2022-06-03-00:00,2022-06-04-00:00,"[0.15775034293552812, 0.13717421124828533, 0.09190672153635117, 0.06995884773662552, 0.08641975308641975, 0.06858710562414266, 0.11385459533607682, 0.08367626886145405, 0.07818930041152264, 0.11248285322359397]",second,TA
MOVRUSDT,2022-06-04-00:00,2022-06-05-00:00,"[0.3338391502276176, 0.18209408194233687, 0.12139605462822459, 0.09711684370257967, 0.05918057663125948, 0.05311077389984825, 0.06525037936267071, 0.04704097116843703, 0.0409711684370258]",first,TA
MOVRUSDT,2022-06-04-00:00,2022-06-05-00:00,"[0.18968133535660092, 0.10166919575113809, 0.09104704097116843, 0.08801213960546282, 0.07587253414264036, 0.09711684370257967, 0.10015174506828528, 0.07587253414264036, 0.08042488619119878, 0.10015174506828528]",second,TA
MOVRUSDT,2022-06-05-00:00,2022-06-06-00:00,"[0.31383737517831667, 0.1783166904422254, 0.12838801711840228, 0.10413694721825963, 0.08273894436519258, 0.06847360912981455, 0.04850213980028531, 0.0442225392296719, 0.03138373751783167]",first,TA
MOVRUSDT,2022-06-05-00:00,2022-06-06-00:00,"[0.16833095577746077, 0.10271041369472182, 0.0884450784593438, 0.07703281027104136, 0.0884450784593438, 0.11126961483594865, 0.09843081312410841, 0.07275320970042796, 0.08416547788873038, 0.10841654778887304]",second,TA
MOVRUSDT,2022-06-06-00:00,2022-06-07-00:00,"[0.3210810810810811, 0.1935135135135135, 0.11135135135135135, 0.11135135135135135, 0.07675675675675675, 0.04972972972972973, 0.04108108108108108, 0.046486486486486484, 0.04864864864864865]",first,TA
MOVRUSDT,2022-06-06-00:00,2022-06-07-00:00,"[0.15675675675675677, 0.10270270270270271, 0.10810810810810811, 0.11027027027027027, 0.09297297297297297, 0.08648648648648649, 0.07783783783783783, 0.07891891891891892, 0.08540540540540541, 0.10054054054054054]",second,TA
MOVRUSDT,2022-06-07-00:00,2022-06-08-00:00,"[0.2967818831942789, 0.1632896305125149, 0.14421930870083433, 0.12753277711561384, 0.07747318235995232, 0.04648390941597139, 0.041716328963051254, 0.057210965435041714, 0.04529201430274136]",first,TA
MOVRUSDT,2022-06-07-00:00,2022-06-08-00:00,"[0.16448152562574495, 0.11918951132300358, 0.08224076281287247, 0.06912991656734208, 0.10131108462455304, 0.08343265792610251, 0.08343265792610251, 0.08939213349225268, 0.08104886769964244, 0.1263408820023838]",second,TA
MOVRUSDT,2022-06-08-00:00,2022-06-09-00:00,"[0.3129411764705882, 0.2235294117647059, 0.11294117647058824, 0.09058823529411765, 0.07058823529411765, 0.06235294117647059, 0.04941176470588235, 0.041176470588235294, 0.036470588235294116]",first,TA
MOVRUSDT,2022-06-08-00:00,2022-06-09-00:00,"[0.16588235294117648, 0.13058823529411764, 0.10705882352941176, 0.08941176470588236, 0.08235294117647059, 0.08588235294117647, 0.07529411764705882, 0.07058823529411765, 0.07764705882352942, 0.11529411764705882]",second,TA
MOVRUSDT,2022-06-09-00:00,2022-06-10-00:00,"[0.32570659488559894, 0.1911170928667564, 0.12113055181695828, 0.10228802153432032, 0.05787348586810229, 0.052489905787348586, 0.059219380888290714, 0.04576043068640646, 0.04441453566621804]",first,TA
MOVRUSDT,2022-06-09-00:00,2022-06-10-00:00,"[0.18977119784656796, 0.10767160161507403, 0.12382234185733512, 0.0740242261103634, 0.06729475100942127, 0.1009421265141319, 0.08344549125168237, 0.07267833109017496, 0.07806191117092867, 0.10228802153432032]",second,TA
MOVRUSDT,2022-06-10-00:00,2022-06-11-00:00,"[0.3215258855585831, 0.18392370572207084, 0.12670299727520437, 0.10626702997275204, 0.07220708446866485, 0.0653950953678474, 0.04087193460490463, 0.035422343324250684, 0.047683923705722074]",first,TA
MOVRUSDT,2022-06-10-00:00,2022-06-11-00:00,"[0.18392370572207084, 0.10762942779291552, 0.08174386920980926, 0.07629427792915532, 0.09128065395095368, 0.09128065395095368, 0.08310626702997276, 0.0681198910081744, 0.0776566757493188, 0.13896457765667575]",second,TA
MOVRUSDT,2022-06-11-00:00,2022-06-12-00:00,"[0.3508322663252241, 0.17285531370038412, 0.1203585147247119, 0.0793854033290653, 0.06145966709346991, 0.05121638924455826, 0.058898847631242, 0.03585147247119078, 0.06914212548015365]",first,TA
MOVRUSDT,2022-06-11-00:00,2022-06-12-00:00,"[0.12548015364916773, 0.11523687580025609, 0.09218950064020487, 0.07682458386683738, 0.10243277848911651, 0.10371318822023047, 0.06530089628681178, 0.10499359795134443, 0.0973111395646607, 0.11651728553137004]",second,TA
MOVRUSDT,2022-06-12-00:00,2022-06-13-00:00,"[0.3270042194092827, 0.16033755274261605, 0.10970464135021098, 0.08649789029535865, 0.07383966244725738, 0.06962025316455696, 0.06751054852320675, 0.05590717299578059, 0.049578059071729956]",first,TA
MOVRUSDT,2022-06-12-00:00,2022-06-13-00:00,"[0.10864978902953587, 0.12025316455696203, 0.08966244725738397, 0.0970464135021097, 0.08122362869198312, 0.1160337552742616, 0.12236286919831224, 0.07489451476793249, 0.08755274261603375, 0.10232067510548523]",second,TA
MOVRUSDT,2022-06-13-00:00,2022-06-14-00:00,"[0.29562982005141386, 0.17309340188517566, 0.1328191945158526, 0.10882604970008569, 0.08226221079691516, 0.05912596401028278, 0.06426735218508997, 0.04627249357326478, 0.037703513281919454]",first,TA
MOVRUSDT,2022-06-13-00:00,2022-06-14-00:00,"[0.13453299057412169, 0.11053984575835475, 0.12425021422450729, 0.1036846615252785, 0.08226221079691516, 0.0908311910882605, 0.0934018851756641, 0.0908311910882605, 0.08397600685518423, 0.0856898029134533]",second,TA
MOVRUSDT,2022-06-14-00:00,2022-06-15-00:00,"[0.30474452554744524, 0.1843065693430657, 0.12408759124087591, 0.09854014598540146, 0.08302919708029197, 0.053832116788321165, 0.05291970802919708, 0.04927007299270073, 0.04927007299270073]",first,TA
MOVRUSDT,2022-06-14-00:00,2022-06-15-00:00,"[0.12317518248175183, 0.10675182481751824, 0.12226277372262774, 0.09762773722627738, 0.08759124087591241, 0.10857664233576643, 0.08485401459854014, 0.07846715328467153, 0.08394160583941605, 0.10675182481751824]",second,TA
MOVRUSDT,2022-06-15-00:00,2022-06-16-00:00,"[0.3352657004830918, 0.1855072463768116, 0.12367149758454106, 0.11304347826086956, 0.06183574879227053, 0.06763285024154589, 0.04154589371980676, 0.03961352657004831, 0.03188405797101449]",first,TA
MOVRUSDT,2022-06-15-00:00,2022-06-16-00:00,"[0.1111111111111111, 0.11980676328502415, 0.09758454106280193, 0.09951690821256039, 0.10434782608695652, 0.09951690821256039, 0.08599033816425121, 0.10144927536231885, 0.0821256038647343, 0.09855072463768116]",second,TA
MOVRUSDT,2022-06-16-00:00,2022-06-17-00:00,"[0.25061626951520133, 0.1495480690221857, 0.2037797863599014, 0.14050944946589974, 0.07559572719802794, 0.05258833196384552, 0.054231717337715694, 0.03451109285127362, 0.038619556285949055]",first,TA
MOVRUSDT,2022-06-16-00:00,2022-06-17-00:00,"[0.12078882497945768, 0.07970419063270337, 0.09695973705834018, 0.10846343467543139, 0.11750205423171733, 0.0961380443714051, 0.07888249794576828, 0.07888249794576828, 0.10928512736236648, 0.11339359079704191]",second,TA
MOVRUSDT,2022-06-17-00:00,2022-06-18-00:00,"[0.260235947258848, 0.17418459403192227, 0.22831367106176267, 0.10895211658570438, 0.08327550312283137, 0.0520471894517696, 0.03747397640527411, 0.030534351145038167, 0.02498265093684941]",first,TA
MOVRUSDT,2022-06-17-00:00,2022-06-18-00:00,"[0.10340041637751561, 0.08605135322692574, 0.07217210270645386, 0.10478834142956281, 0.12699514226231784, 0.11103400416377515, 0.1040943789035392, 0.11311589174184594, 0.0922970159611381, 0.08605135322692574]",second,TA
MOVRUSDT,2022-06-18-00:00,2022-06-19-00:00,"[0.338474025974026, 0.18019480519480519, 0.12987012987012986, 0.09496753246753246, 0.07873376623376624, 0.05844155844155844, 0.049512987012987016, 0.03977272727272727, 0.030032467532467532]",first,TA
MOVRUSDT,2022-06-18-00:00,2022-06-19-00:00,"[0.1314935064935065, 0.11444805194805195, 0.09740259740259741, 0.09821428571428571, 0.09415584415584416, 0.10551948051948051, 0.09983766233766234, 0.09009740259740259, 0.08766233766233766, 0.08116883116883117]",second,TA
MOVRUSDT,2022-06-19-00:00,2022-06-20-00:00,"[0.353958143767061, 0.181073703366697, 0.09827115559599636, 0.08280254777070063, 0.08826205641492266, 0.060964513193812554, 0.05004549590536852, 0.042766151046405826, 0.04185623293903549]",first,TA
MOVRUSDT,2022-06-19-00:00,2022-06-20-00:00,"[0.15195632393084624, 0.1364877161055505, 0.11555959963603275, 0.09918107370336669, 0.09918107370336669, 0.08098271155595996, 0.0791628753412193, 0.0791628753412193, 0.06005459508644222, 0.09827115559599636]",second,TA
MOVRUSDT,2022-06-20-00:00,2022-06-21-00:00,"[0.3561776061776062, 0.17664092664092665, 0.10810810810810811, 0.0859073359073359, 0.09555984555984556, 0.04343629343629344, 0.0472972972972973, 0.04247104247104247, 0.0444015444015444]",first,TA
MOVRUSDT,2022-06-20-00:00,2022-06-21-00:00,"[0.11872586872586872, 0.14478764478764478, 0.10521235521235521, 0.10328185328185328, 0.08108108108108109, 0.10521235521235521, 0.10135135135135136, 0.06853281853281853, 0.0859073359073359, 0.0859073359073359]",second,TA
MOVRUSDT,2022-06-21-00:00,2022-06-22-00:00,"[0.33586337760910817, 0.16888045540796964, 0.13567362428842505, 0.08918406072106262, 0.08633776091081594, 0.06925996204933586, 0.03415559772296015, 0.03795066413662239, 0.04269449715370019]",first,TA
MOVRUSDT,2022-06-21-00:00,2022-06-22-00:00,"[0.127134724857685, 0.1157495256166983, 0.11005692599620494, 0.11385199240986717, 0.12618595825426945, 0.09297912713472485, 0.0777988614800759, 0.08823529411764706, 0.061669829222011384, 0.08633776091081594]",second,TA
MOVRUSDT,2022-06-22-00:00,2022-06-23-00:00,"[0.3329608938547486, 0.17094972067039105, 0.1106145251396648, 0.0782122905027933, 0.09385474860335195, 0.06480446927374302, 0.053631284916201116, 0.04692737430167598, 0.048044692737430165]",first,TA
MOVRUSDT,2022-06-22-00:00,2022-06-23-00:00,"[0.1217877094972067, 0.1329608938547486, 0.09720670391061452, 0.10391061452513967, 0.11173184357541899, 0.08826815642458101, 0.07374301675977654, 0.08826815642458101, 0.07374301675977654, 0.10837988826815642]",second,TA
MOVRUSDT,2022-06-23-00:00,2022-06-24-00:00,"[0.3459196102314251, 0.16443361753958588, 0.1120584652862363, 0.0876979293544458, 0.10109622411693057, 0.06333739342265529, 0.037758830694275276, 0.04141291108404385, 0.04628501827040195]",first,TA
MOVRUSDT,2022-06-23-00:00,2022-06-24-00:00,"[0.13032886723507917, 0.1278928136419001, 0.10475030450669914, 0.09987819732034105, 0.08404384896467722, 0.09987819732034105, 0.08038976857490865, 0.07551766138855055, 0.0779537149817296, 0.11936662606577345]",second,TA
MOVRUSDT,2022-06-24-00:00,2022-06-25-00:00,"[0.37206703910614525, 0.17206703910614526, 0.10726256983240223, 0.08379888268156424, 0.08044692737430167, 0.04692737430167598, 0.04357541899441341, 0.042458100558659215, 0.05139664804469274]",first,TA
MOVRUSDT,2022-06-24-00:00,2022-06-25-00:00,"[0.1329608938547486, 0.12402234636871508, 0.12513966480446928, 0.10949720670391061, 0.08044692737430167, 0.08268156424581005, 0.08268156424581005, 0.08603351955307263, 0.07486033519553073, 0.10167597765363129]",second,TA
MOVRUSDT,2022-06-25-00:00,2022-06-26-00:00,"[0.3264069264069264, 0.16363636363636364, 0.11082251082251082, 0.1012987012987013, 0.0761904761904762, 0.06666666666666667, 0.06666666666666667, 0.03896103896103896, 0.04935064935064935]",first,TA
MOVRUSDT,2022-06-25-00:00,2022-06-26-00:00,"[0.11861471861471862, 0.11341991341991342, 0.11601731601731602, 0.11601731601731602, 0.1038961038961039, 0.08484848484848485, 0.08311688311688312, 0.08225108225108226, 0.08484848484848485, 0.09696969696969697]",second,TA
MOVRUSDT,2022-06-26-00:00,2022-06-27-00:00,"[0.34603501544799176, 0.2059732234809475, 0.11122554067971163, 0.09268795056642637, 0.06694129763130793, 0.06797116374871266, 0.04016477857878476, 0.037075180226570546, 0.03192584963954686]",first,TA
MOVRUSDT,2022-06-26-00:00,2022-06-27-00:00,"[0.1400617919670443, 0.101956745623069, 0.13388259526261587, 0.10916580844490216, 0.08341915550978372, 0.10298661174047374, 0.06591143151390319, 0.07003089598352215, 0.09680741503604531, 0.09577754891864057]",second,TA
MOVRUSDT,2022-06-27-00:00,2022-06-28-00:00,"[0.3572327044025157, 0.1861635220125786, 0.08930817610062892, 0.08176100628930817, 0.06415094339622641, 0.06540880503144654, 0.05157232704402516, 0.052830188679245285, 0.05157232704402516]",first,TA
MOVRUSDT,2022-06-27-00:00,2022-06-28-00:00,"[0.15345911949685534, 0.1220125786163522, 0.12578616352201258, 0.08679245283018867, 0.09559748427672957, 0.07547169811320754, 0.0779874213836478, 0.06792452830188679, 0.08427672955974842, 0.11069182389937107]",second,TA
MOVRUSDT,2022-06-28-00:00,2022-06-29-00:00,"[0.3411602209944751, 0.19613259668508287, 0.10359116022099447, 0.08977900552486189, 0.0649171270718232, 0.052486187845303865, 0.05939226519337017, 0.04696132596685083, 0.04558011049723757]",first,TA
MOVRUSDT,2022-06-28-00:00,2022-06-29-00:00,"[0.13674033149171272, 0.14502762430939226, 0.09116022099447514, 0.09392265193370165, 0.10359116022099447, 0.08011049723756906, 0.06906077348066299, 0.08425414364640885, 0.08425414364640885, 0.11187845303867404]",second,TA
MOVRUSDT,2022-06-29-00:00,2022-06-30-00:00,"[0.36545682102628285, 0.17521902377972465, 0.10888610763454318, 0.10387984981226533, 0.06633291614518148, 0.0625782227784731, 0.03254067584480601, 0.03504380475594493, 0.05006257822277847]",first,TA
MOVRUSDT,2022-06-29-00:00,2022-06-30-00:00,"[0.14017521902377972, 0.1414267834793492, 0.08760951188986232, 0.09011264080100125, 0.09887359198998748, 0.07008760951188986, 0.07509386733416772, 0.11264080100125157, 0.07759699624530664, 0.10638297872340426]",second,TA
MOVRUSDT,2022-06-30-00:00,2022-07-01-00:00,"[0.3176605504587156, 0.16399082568807338, 0.12729357798165136, 0.09174311926605505, 0.09747706422018348, 0.06077981651376147, 0.05389908256880734, 0.04243119266055046, 0.04472477064220184]",first,TA
MOVRUSDT,2022-06-30-00:00,2022-07-01-00:00,"[0.1559633027522936, 0.12041284403669725, 0.11353211009174312, 0.10321100917431193, 0.09174311926605505, 0.07912844036697247, 0.08142201834862385, 0.08944954128440367, 0.05963302752293578, 0.10550458715596331]",second,TA
MOVRUSDT,2022-07-01-00:00,2022-07-02-00:00,"[0.30975143403441685, 0.1806883365200765, 0.12810707456978968, 0.07743785850860421, 0.0869980879541109, 0.07170172084130019, 0.05066921606118547, 0.04684512428298279, 0.04780114722753346]",first,TA
MOVRUSDT,2022-07-01-00:00,2022-07-02-00:00,"[0.13862332695984703, 0.1147227533460803, 0.11089866156787763, 0.121414913957935, 0.09369024856596558, 0.08221797323135756, 0.08221797323135756, 0.08795411089866156, 0.07552581261950286, 0.09273422562141491]",second,TA
MOVRUSDT,2022-07-02-00:00,2022-07-03-00:00,"[0.31384159881569207, 0.18134715025906736, 0.12435233160621761, 0.0917838638045892, 0.0925240562546262, 0.05107327905255366, 0.05107327905255366, 0.05699481865284974, 0.037009622501850484]",first,TA
MOVRUSDT,2022-07-02-00:00,2022-07-03-00:00,"[0.11250925240562547, 0.11991117690599556, 0.09104367135455219, 0.11176905995558846, 0.10880829015544041, 0.10288675055514433, 0.10140636565507032, 0.09326424870466321, 0.07920059215396003, 0.07920059215396003]",second,TA
MOVRUSDT,2022-07-03-00:00,2022-07-04-00:00,"[0.3314176245210728, 0.1657088122605364, 0.1111111111111111, 0.09386973180076628, 0.07662835249042145, 0.05651340996168582, 0.04980842911877394, 0.06609195402298851, 0.04885057471264368]",first,TA
MOVRUSDT,2022-07-03-00:00,2022-07-04-00:00,"[0.12835249042145594, 0.13409961685823754, 0.08620689655172414, 0.11494252873563218, 0.0871647509578544, 0.09099616858237548, 0.10153256704980843, 0.07375478927203065, 0.07662835249042145, 0.10632183908045977]",second,TA
MOVRUSDT,2022-07-04-00:00,2022-07-05-00:00,"[0.3263157894736842, 0.1736842105263158, 0.10526315789473684, 0.09157894736842105, 0.09263157894736843, 0.06315789473684211, 0.05263157894736842, 0.05263157894736842, 0.042105263157894736]",first,TA
MOVRUSDT,2022-07-04-00:00,2022-07-05-00:00,"[0.13894736842105262, 0.12, 0.10842105263157895, 0.09894736842105263, 0.09473684210526316, 0.10736842105263159, 0.09894736842105263, 0.07263157894736842, 0.06631578947368422, 0.09368421052631579]",second,TA
MOVRUSDT,2022-07-05-00:00,2022-07-06-00:00,"[0.3311867525298988, 0.19043238270469182, 0.11039558417663294, 0.08463661453541858, 0.09383624655013799, 0.05795768169273229, 0.046918123275068994, 0.03679852805887764, 0.04783808647654094]",first,TA
MOVRUSDT,2022-07-05-00:00,2022-07-06-00:00,"[0.13799448022079117, 0.10395584176632934, 0.125114995400184, 0.09935602575896964, 0.10027598896044158, 0.0984360625574977, 0.07635694572217111, 0.07543698252069918, 0.08463661453541858, 0.0984360625574977]",second,TA
MOVRUSDT,2022-07-06-00:00,2022-07-07-00:00,"[0.29508196721311475, 0.18360655737704917, 0.13224043715846995, 0.08633879781420765, 0.08524590163934426, 0.06666666666666667, 0.05901639344262295, 0.040437158469945354, 0.05136612021857923]",first,TA
MOVRUSDT,2022-07-06-00:00,2022-07-07-00:00,"[0.14207650273224043, 0.11038251366120219, 0.10819672131147541, 0.09836065573770492, 0.11475409836065574, 0.09726775956284153, 0.07650273224043716, 0.08087431693989071, 0.07431693989071038, 0.09726775956284153]",second,TA
MOVRUSDT,2022-07-07-00:00,2022-07-08-00:00,"[0.3280590717299578, 0.1719409282700422, 0.10970464135021098, 0.11181434599156118, 0.07911392405063292, 0.05907172995780591, 0.04746835443037975, 0.04535864978902954, 0.04746835443037975]",first,TA
MOVRUSDT,2022-07-07-00:00,2022-07-08-00:00,"[0.16244725738396623, 0.10548523206751055, 0.14767932489451477, 0.10232067510548523, 0.09071729957805907, 0.0981012658227848, 0.06434599156118144, 0.07383966244725738, 0.06751054852320675, 0.08755274261603375]",second,TA
MOVRUSDT,2022-07-08-00:00,2022-07-09-00:00,"[0.36082474226804123, 0.18181818181818182, 0.11433926897844424, 0.07685098406747891, 0.08153701968134958, 0.06091846298031865, 0.04779756326148079, 0.02717900656044986, 0.04873477038425492]",first,TA
MOVRUSDT,2022-07-08-00:00,2022-07-09-00:00,"[0.1358950328022493, 0.11433926897844424, 0.1330834114339269, 0.09559512652296158, 0.09372071227741331, 0.09372071227741331, 0.08997188378631678, 0.08528584817244611, 0.07029053420805999, 0.08809746954076851]",second,TA
MOVRUSDT,2022-07-09-00:00,2022-07-10-00:00,"[0.34793187347931875, 0.18613138686131386, 0.1070559610705596, 0.09002433090024331, 0.08394160583941605, 0.06082725060827251, 0.043795620437956206, 0.040145985401459854, 0.040145985401459854]",first,TA
MOVRUSDT,2022-07-09-00:00,2022-07-10-00:00,"[0.15450121654501217, 0.1070559610705596, 0.12773722627737227, 0.13017031630170317, 0.09975669099756691, 0.09124087591240876, 0.058394160583941604, 0.08150851581508516, 0.0535279805352798, 0.09610705596107055]",second,TA
MOVRUSDT,2022-07-10-00:00,2022-07-11-00:00,"[0.35017221584385766, 0.16073478760045926, 0.13432835820895522, 0.08266360505166476, 0.06888633754305395, 0.07003444316877153, 0.0505166475315729, 0.04133180252583238, 0.04133180252583238]",first,TA
MOVRUSDT,2022-07-10-00:00,2022-07-11-00:00,"[0.16762342135476463, 0.09184845005740529, 0.13088404133180254, 0.11251435132032148, 0.09758897818599312, 0.08955223880597014, 0.07462686567164178, 0.07692307692307693, 0.05970149253731343, 0.09873708381171067]",second,TA
MOVRUSDT,2022-07-11-00:00,2022-07-12-00:00,"[0.3403141361256545, 0.18193717277486912, 0.13219895287958114, 0.09554973821989529, 0.060209424083769635, 0.04319371727748691, 0.032722513089005235, 0.03664921465968586, 0.07722513089005235]",first,TA
MOVRUSDT,2022-07-11-00:00,2022-07-12-00:00,"[0.17539267015706805, 0.12303664921465969, 0.10602094240837696, 0.09947643979057591, 0.10209424083769633, 0.07460732984293193, 0.06413612565445026, 0.07460732984293193, 0.04581151832460733, 0.13481675392670156]",second,TA
MOVRUSDT,2022-07-12-00:00,2022-07-13-00:00,"[0.3449074074074074, 0.16550925925925927, 0.1111111111111111, 0.08680555555555555, 0.09490740740740741, 0.05787037037037037, 0.04398148148148148, 0.017361111111111112, 0.0775462962962963]",first,TA
MOVRUSDT,2022-07-12-00:00,2022-07-13-00:00,"[0.13425925925925927, 0.125, 0.11226851851851852, 0.1099537037037037, 0.08217592592592593, 0.0763888888888889, 0.08680555555555555, 0.0787037037037037, 0.06597222222222222, 0.1284722222222222]",second,TA
MOVRUSDT,2022-07-13-00:00,2022-07-14-00:00,"[0.31411359724612736, 0.16523235800344235, 0.12650602409638553, 0.09122203098106713, 0.08433734939759036, 0.06282271944922548, 0.06196213425129088, 0.04475043029259897, 0.04905335628227195]",first,TA
MOVRUSDT,2022-07-13-00:00,2022-07-14-00:00,"[0.13080895008605853, 0.12306368330464716, 0.1144578313253012, 0.12134251290877797, 0.0981067125645439, 0.0757314974182444, 0.08950086058519793, 0.08175559380378658, 0.06884681583476764, 0.0963855421686747]",second,TA
MOVRUSDT,2022-07-14-00:00,2022-07-15-00:00,"[0.3031674208144796, 0.17737556561085974, 0.1248868778280543, 0.10678733031674208, 0.0760180995475113, 0.06515837104072399, 0.04253393665158371, 0.04072398190045249, 0.06334841628959276]",first,TA
MOVRUSDT,2022-07-14-00:00,2022-07-15-00:00,"[0.18552036199095023, 0.10045248868778281, 0.09683257918552036, 0.10588235294117647, 0.09049773755656108, 0.08778280542986425, 0.07692307692307693, 0.07420814479638009, 0.07058823529411765, 0.11131221719457013]",second,TA
MOVRUSDT,2022-07-15-00:00,2022-07-16-00:00,"[0.31271186440677967, 0.18305084745762712, 0.13305084745762713, 0.07372881355932204, 0.08898305084745763, 0.061016949152542375, 0.04152542372881356, 0.05084745762711865, 0.05508474576271186]",first,TA
MOVRUSDT,2022-07-15-00:00,2022-07-16-00:00,"[0.14322033898305084, 0.09322033898305085, 0.10084745762711865, 0.1135593220338983, 0.1059322033898305, 0.09661016949152543, 0.06440677966101695, 0.09152542372881356, 0.08220338983050847, 0.10847457627118644]",second,TA
MOVRUSDT,2022-07-16-00:00,2022-07-17-00:00,"[0.31398201144726084, 0.1643499591169256, 0.10384300899427637, 0.09076042518397383, 0.08013082583810302, 0.06704824202780049, 0.06459525756336877, 0.050695012264922325, 0.06459525756336877]",first,TA
MOVRUSDT,2022-07-16-00:00,2022-07-17-00:00,"[0.13982011447260834, 0.10629599345870809, 0.1169255928045789, 0.08830744071954211, 0.09484873262469337, 0.10384300899427637, 0.09403107113654947, 0.07931316434995912, 0.08340147179067865, 0.09321340964840556]",second,TA
MOVRUSDT,2022-07-17-00:00,2022-07-18-00:00,"[0.30385852090032156, 0.18488745980707397, 0.11495176848874598, 0.09163987138263666, 0.07877813504823152, 0.06993569131832797, 0.04823151125401929, 0.05305466237942122, 0.05466237942122187]",first,TA
MOVRUSDT,2022-07-17-00:00,2022-07-18-00:00,"[0.11736334405144695, 0.1189710610932476, 0.1157556270096463, 0.10128617363344052, 0.10610932475884244, 0.09485530546623794, 0.0747588424437299, 0.07717041800643087, 0.0819935691318328, 0.11173633440514469]",second,TA
MOVRUSDT,2022-07-18-00:00,2022-07-19-00:00,"[0.3060016906170752, 0.16314454775993237, 0.12679628064243448, 0.08453085376162299, 0.07945900253592561, 0.05917159763313609, 0.054945054945054944, 0.04311073541842773, 0.08284023668639054]",first,TA
MOVRUSDT,2022-07-18-00:00,2022-07-19-00:00,"[0.15891800507185122, 0.08537616229923922, 0.09974640743871513, 0.12087912087912088, 0.09298393913778528, 0.08453085376162299, 0.07945900253592561, 0.06846999154691462, 0.07776838546069316, 0.13186813186813187]",second,TA
MOVRUSDT,2022-07-19-00:00,2022-07-20-00:00,"[0.3231441048034934, 0.18253275109170305, 0.10393013100436681, 0.09868995633187773, 0.07248908296943231, 0.05327510917030567, 0.05240174672489083, 0.05152838427947598, 0.06200873362445415]",first,TA
MOVRUSDT,2022-07-19-00:00,2022-07-20-00:00,"[0.1091703056768559, 0.10829694323144105, 0.09694323144104804, 0.10655021834061135, 0.12314410480349346, 0.07336244541484715, 0.08209606986899563, 0.0890829694323144, 0.08558951965065502, 0.125764192139738]",second,TA
MOVRUSDT,2022-07-20-00:00,2022-07-21-00:00,"[0.31239388794567063, 0.18845500848896435, 0.11714770797962648, 0.09168081494057725, 0.08404074702886248, 0.05263157894736842, 0.0500848896434635, 0.03735144312393888, 0.06621392190152801]",first,TA
MOVRUSDT,2022-07-20-00:00,2022-07-21-00:00,"[0.1366723259762309, 0.11290322580645161, 0.09592529711375213, 0.08404074702886248, 0.12139219015280135, 0.08404074702886248, 0.0865874363327674, 0.06281833616298811, 0.07640067911714771, 0.13921901528013583]",second,TA
MOVRUSDT,2022-07-21-00:00,2022-07-22-00:00,"[0.3291976840363937, 0.18775847808105872, 0.11166253101736973, 0.07775020678246485, 0.076095947063689, 0.06699751861042183, 0.04880066170388751, 0.04631927212572374, 0.055417700578990904]",first,TA
MOVRUSDT,2022-07-21-00:00,2022-07-22-00:00,"[0.13316790736145576, 0.12572373862696443, 0.11248966087675766, 0.11000827129859388, 0.09015715467328371, 0.076095947063689, 0.07775020678246485, 0.09594706368899918, 0.08105872622001654, 0.09760132340777503]",second,TA
MOVRUSDT,2022-07-22-00:00,2022-07-23-00:00,"[0.3156716417910448, 0.17238805970149254, 0.11417910447761194, 0.07835820895522388, 0.0880597014925373, 0.06119402985074627, 0.058208955223880594, 0.049253731343283584, 0.0626865671641791]",first,TA
MOVRUSDT,2022-07-22-00:00,2022-07-23-00:00,"[0.13432835820895522, 0.10895522388059702, 0.09701492537313433, 0.10895522388059702, 0.09179104477611941, 0.08582089552238806, 0.09029850746268657, 0.09104477611940298, 0.08134328358208955, 0.11044776119402985]",second,TA
MOVRUSDT,2022-07-23-00:00,2022-07-24-00:00,"[0.2947761194029851, 0.1837686567164179, 0.1166044776119403, 0.10261194029850747, 0.08488805970149253, 0.0625, 0.051305970149253734, 0.05223880597014925, 0.051305970149253734]",first,TA
MOVRUSDT,2022-07-23-00:00,2022-07-24-00:00,"[0.13432835820895522, 0.11287313432835822, 0.0914179104477612, 0.09421641791044776, 0.08022388059701492, 0.10167910447761194, 0.07276119402985075, 0.09701492537313433, 0.09514925373134328, 0.12033582089552239]",second,TA
MOVRUSDT,2022-07-24-00:00,2022-07-25-00:00,"[0.33986928104575165, 0.1786492374727669, 0.11002178649237472, 0.08169934640522876, 0.07734204793028322, 0.054466230936819175, 0.04793028322440087, 0.04793028322440087, 0.06209150326797386]",first,TA
MOVRUSDT,2022-07-24-00:00,2022-07-25-00:00,"[0.15468409586056645, 0.10021786492374728, 0.10457516339869281, 0.12636165577342048, 0.09694989106753812, 0.0784313725490196, 0.0784313725490196, 0.07298474945533769, 0.06753812636165578, 0.11982570806100218]",second,TA
MOVRUSDT,2022-07-25-00:00,2022-07-26-00:00,"[0.34224049331963, 0.1778006166495375, 0.08221993833504625, 0.1079136690647482, 0.06885919835560124, 0.06474820143884892, 0.045220966084275435, 0.022610483042137718, 0.08838643371017471]",first,TA
MOVRUSDT,2022-07-25-00:00,2022-07-26-00:00,"[0.13257965056526208, 0.09455292908530319, 0.09044193216855087, 0.11921891058581706, 0.09763617677286741, 0.0842754367934224, 0.08633093525179857, 0.08530318602261049, 0.07194244604316546, 0.13771839671120248]",second,TA
MOVRUSDT,2022-07-26-00:00,2022-07-27-00:00,"[0.3098159509202454, 0.17995910020449898, 0.12678936605316973, 0.1032719836400818, 0.049079754601226995, 0.06339468302658487, 0.05725971370143149, 0.034764826175869123, 0.07566462167689161]",first,TA
MOVRUSDT,2022-07-26-00:00,2022-07-27-00:00,"[0.12678936605316973, 0.10429447852760736, 0.1359918200408998, 0.09713701431492842, 0.10224948875255624, 0.09406952965235174, 0.07157464212678936, 0.07464212678936605, 0.05930470347648262, 0.13394683026584867]",second,TA
MOVRUSDT,2022-07-27-00:00,2022-07-28-00:00,"[0.3375130616509927, 0.15987460815047022, 0.13270637408568442, 0.08881922675026123, 0.06374085684430512, 0.055381400208986416, 0.04911180773249739, 0.04179728317659352, 0.07105538140020899]",first,TA
MOVRUSDT,2022-07-27-00:00,2022-07-28-00:00,"[0.16614420062695925, 0.12225705329153605, 0.1180773249738767, 0.07836990595611286, 0.08881922675026123, 0.08359456635318704, 0.08045977011494253, 0.06269592476489028, 0.05747126436781609, 0.14211076280041798]",second,TA
MOVRUSDT,2022-07-28-00:00,2022-07-29-00:00,"[0.3444136657433056, 0.15789473684210525, 0.10526315789473684, 0.07756232686980609, 0.09325946445060018, 0.05263157894736842, 0.05817174515235457, 0.05817174515235457, 0.05263157894736842]",first,TA
MOVRUSDT,2022-07-28-00:00,2022-07-29-00:00,"[0.1394275161588181, 0.10803324099722991, 0.09233610341643583, 0.11357340720221606, 0.0951061865189289, 0.10710987996306556, 0.09879963065558633, 0.07479224376731301, 0.06463527239150507, 0.1061865189289012]",second,TA
MOVRUSDT,2022-07-29-00:00,2022-07-30-00:00,"[0.30198776758409784, 0.17813455657492355, 0.11467889908256881, 0.08256880733944955, 0.07951070336391437, 0.05581039755351682, 0.07033639143730887, 0.058868501529051986, 0.0581039755351682]",first,TA
MOVRUSDT,2022-07-29-00:00,2022-07-30-00:00,"[0.13761467889908258, 0.11697247706422019, 0.09097859327217125, 0.08792048929663608, 0.10856269113149847, 0.10397553516819572, 0.09403669724770643, 0.0856269113149847, 0.07262996941896024, 0.10168195718654434]",second,TA
MOVRUSDT,2022-07-30-00:00,2022-07-31-00:00,"[0.31278195488721805, 0.16917293233082706, 0.12631578947368421, 0.08796992481203007, 0.07593984962406015, 0.0518796992481203, 0.06015037593984962, 0.05037593984962406, 0.06541353383458647]",first,TA
MOVRUSDT,2022-07-30-00:00,2022-07-31-00:00,"[0.12030075187969924, 0.11203007518796992, 0.0962406015037594, 0.1, 0.11804511278195488, 0.10827067669172932, 0.09849624060150376, 0.0774436090225564, 0.081203007518797, 0.08796992481203007]",second,TA
MOVRUSDT,2022-07-31-00:00,2022-08-01-00:00,"[0.3150039277297722, 0.17282010997643363, 0.11547525530243519, 0.09505106048703849, 0.07619795758051846, 0.0636292223095051, 0.05420267085624509, 0.05263157894736842, 0.05498821681068342]",first,TA
MOVRUSDT,2022-07-31-00:00,2022-08-01-00:00,"[0.13904163393558522, 0.12254516889238021, 0.10133542812254517, 0.1021209740769835, 0.0997643362136685, 0.08641005498821681, 0.08876669285153181, 0.08091123330714847, 0.08562450903377848, 0.09347996857816182]",second,TA
MOVRUSDT,2022-08-01-00:00,2022-08-02-00:00,"[0.3207843137254902, 0.15764705882352942, 0.12705882352941175, 0.10352941176470588, 0.08392156862745098, 0.058823529411764705, 0.04470588235294118, 0.05019607843137255, 0.05333333333333334]",first,TA
MOVRUSDT,2022-08-01-00:00,2022-08-02-00:00,"[0.1396078431372549, 0.09647058823529411, 0.10666666666666667, 0.11450980392156863, 0.09098039215686274, 0.09019607843137255, 0.09098039215686274, 0.08705882352941176, 0.07372549019607844, 0.10980392156862745]",second,TA
MOVRUSDT,2022-08-02-00:00,2022-08-03-00:00,"[0.31016042780748665, 0.1779984721161192, 0.12757830404889228, 0.0962566844919786, 0.07104660045836517, 0.061115355233002294, 0.05576776165011459, 0.04507257448433919, 0.05500381970970206]",first,TA
MOVRUSDT,2022-08-02-00:00,2022-08-03-00:00,"[0.12834224598930483, 0.11153552330022919, 0.10695187165775401, 0.08632543926661573, 0.1092436974789916, 0.11000763941940413, 0.09167303284950344, 0.08938120702826585, 0.07639419404125286, 0.09014514896867838]",second,TA
MOVRUSDT,2022-08-03-00:00,2022-08-04-00:00,"[0.2740989103101425, 0.17015926236378875, 0.14836546521374686, 0.10645431684828165, 0.07544006705783739, 0.06538139145012574, 0.06035205364626991, 0.04274937133277452, 0.05699916177703269]",first,TA
MOVRUSDT,2022-08-03-00:00,2022-08-04-00:00,"[0.13243922883487008, 0.12908633696563285, 0.10980720871751885, 0.07795473595976529, 0.11232187761944677, 0.0980720871751886, 0.08130762782900251, 0.0972338642078793, 0.07124895222129086, 0.09052808046940486]",second,TA
MOVRUSDT,2022-08-04-00:00,2022-08-05-00:00,"[0.30853761622992393, 0.18765849535080303, 0.12848689771766694, 0.1014370245139476, 0.0650887573964497, 0.07185122569737955, 0.054945054945054944, 0.04142011834319527, 0.04057480980557904]",first,TA
MOVRUSDT,2022-08-04-00:00,2022-08-05-00:00,"[0.158072696534235, 0.1014370245139476, 0.0904480135249366, 0.08960270498732037, 0.10989010989010989, 0.09551986475063398, 0.09382924767540152, 0.06339814032121724, 0.08706677937447169, 0.11073541842772612]",second,TA
MOVRUSDT,2022-08-05-00:00,2022-08-06-00:00,"[0.3035863219349458, 0.1884904086738949, 0.10758965804837364, 0.09924937447873228, 0.0884070058381985, 0.05587989991659716, 0.05254378648874062, 0.05087572977481234, 0.05337781484570475]",first,TA
MOVRUSDT,2022-08-05-00:00,2022-08-06-00:00,"[0.13511259382819016, 0.09674728940783987, 0.11676396997497915, 0.09591326105087573, 0.11092577147623019, 0.10091743119266056, 0.09090909090909091, 0.07923269391159299, 0.08090075062552127, 0.09257714762301918]",second,TA
MOVRUSDT,2022-08-06-00:00,2022-08-07-00:00,"[0.2938871473354232, 0.18730407523510972, 0.12539184952978055, 0.09717868338557993, 0.06818181818181818, 0.06661442006269593, 0.05172413793103448, 0.045454545454545456, 0.06426332288401254]",first,TA
MOVRUSDT,2022-08-06-00:00,2022-08-07-00:00,"[0.1536050156739812, 0.1152037617554859, 0.10266457680250783, 0.10344827586206896, 0.09482758620689655, 0.11598746081504702, 0.06974921630094044, 0.06347962382445141, 0.07288401253918496, 0.10815047021943573]",second,TA
MOVRUSDT,2022-08-07-00:00,2022-08-08-00:00,"[0.32685634975711314, 0.16793893129770993, 0.11450381679389313, 0.09299097848716169, 0.0652324774462179, 0.05968077723802915, 0.061068702290076333, 0.06384455239417071, 0.047883414295628035]",first,TA
MOVRUSDT,2022-08-07-00:00,2022-08-08-00:00,"[0.11866759195003469, 0.10687022900763359, 0.12005551700208189, 0.11034004163775156, 0.0936849410131853, 0.09576682859125607, 0.09021512838306732, 0.09090909090909091, 0.09021512838306732, 0.08327550312283137]",second,TA
MOVRUSDT,2022-08-08-00:00,2022-08-09-00:00,"[0.3023588277340958, 0.1601143674052895, 0.12080057183702644, 0.0943531093638313, 0.08720514653323802, 0.07791279485346676, 0.04932094353109364, 0.05218012866333095, 0.05575411007862759]",first,TA
MOVRUSDT,2022-08-08-00:00,2022-08-09-00:00,"[0.11865618298784847, 0.10578984989278056, 0.11150822015725519, 0.12080057183702644, 0.10078627591136526, 0.10221586847748391, 0.09006433166547534, 0.07576840600428877, 0.10150107219442459, 0.07290922087205147]",second,TA
MOVRUSDT,2022-08-09-00:00,2022-08-10-00:00,"[0.3118518518518518, 0.16592592592592592, 0.1111111111111111, 0.10444444444444445, 0.07777777777777778, 0.06592592592592593, 0.061481481481481484, 0.05185185185185185, 0.04962962962962963]",first,TA
MOVRUSDT,2022-08-09-00:00,2022-08-10-00:00,"[0.13407407407407407, 0.11185185185185186, 0.11185185185185186, 0.10592592592592592, 0.10296296296296296, 0.08518518518518518, 0.08444444444444445, 0.09111111111111111, 0.08222222222222222, 0.09037037037037036]",second,TA
MOVRUSDT,2022-08-10-00:00,2022-08-11-00:00,"[0.31146245059288535, 0.1826086956521739, 0.11699604743083004, 0.091699604743083, 0.06877470355731226, 0.05454545454545454, 0.052964426877470355, 0.07035573122529644, 0.05059288537549407]",first,TA
MOVRUSDT,2022-08-10-00:00,2022-08-11-00:00,"[0.12806324110671938, 0.10276679841897234, 0.1075098814229249, 0.1075098814229249, 0.09802371541501977, 0.1067193675889328, 0.10039525691699605, 0.07430830039525692, 0.08142292490118577, 0.0932806324110672]",second,TA
MOVRUSDT,2022-08-11-00:00,2022-08-12-00:00,"[0.313953488372093, 0.16666666666666666, 0.12325581395348838, 0.10310077519379846, 0.07131782945736434, 0.06201550387596899, 0.056589147286821705, 0.043410852713178294, 0.059689922480620154]",first,TA
MOVRUSDT,2022-08-11-00:00,2022-08-12-00:00,"[0.13333333333333333, 0.11937984496124031, 0.09922480620155039, 0.09069767441860466, 0.09767441860465116, 0.09302325581395349, 0.08604651162790698, 0.10387596899224806, 0.08217054263565891, 0.09457364341085271]",second,TA
MOVRUSDT,2022-08-12-00:00,2022-08-13-00:00,"[0.2987234042553191, 0.17361702127659576, 0.13361702127659575, 0.09446808510638298, 0.09787234042553192, 0.05617021276595745, 0.05787234042553192, 0.04340425531914894, 0.04425531914893617]",first,TA
MOVRUSDT,2022-08-12-00:00,2022-08-13-00:00,"[0.13702127659574467, 0.1148936170212766, 0.09446808510638298, 0.0902127659574468, 0.09446808510638298, 0.10212765957446808, 0.09531914893617022, 0.08595744680851064, 0.08340425531914894, 0.10212765957446808]",second,TA
MOVRUSDT,2022-08-13-00:00,2022-08-14-00:00,"[0.2985553772070626, 0.18218298555377208, 0.11958266452648475, 0.0971107544141252, 0.08426966292134831, 0.05377207062600321, 0.05377207062600321, 0.051364365971107544, 0.0593900481540931]",first,TA
MOVRUSDT,2022-08-13-00:00,2022-08-14-00:00,"[0.13884430176565007, 0.11797752808988764, 0.09309791332263243, 0.09550561797752809, 0.09951845906902086, 0.08667736757624397, 0.09309791332263243, 0.10032102728731943, 0.06741573033707865, 0.10754414125200643]",second,TA
MOVRUSDT,2022-08-14-00:00,2022-08-15-00:00,"[0.3483992467043315, 0.1497175141242938, 0.1327683615819209, 0.0903954802259887, 0.07062146892655367, 0.062146892655367235, 0.0480225988700565, 0.04519774011299435, 0.05273069679849341]",first,TA
MOVRUSDT,2022-08-14-00:00,2022-08-15-00:00,"[0.16760828625235405, 0.09981167608286252, 0.08662900188323917, 0.09792843691148775, 0.1064030131826742, 0.09227871939736347, 0.07815442561205273, 0.0856873822975518, 0.07250470809792843, 0.11299435028248588]",second,TA
MOVRUSDT,2022-08-15-00:00,2022-08-16-00:00,"[0.32521008403361346, 0.16134453781512606, 0.13529411764705881, 0.07983193277310924, 0.0773109243697479, 0.06722689075630252, 0.06050420168067227, 0.05042016806722689, 0.04285714285714286]",first,TA
MOVRUSDT,2022-08-15-00:00,2022-08-16-00:00,"[0.10840336134453782, 0.11512605042016806, 0.10420168067226891, 0.10420168067226891, 0.10420168067226891, 0.10336134453781512, 0.10672268907563025, 0.08823529411764706, 0.06470588235294118, 0.10084033613445378]",second,TA
MOVRUSDT,2022-08-16-00:00,2022-08-17-00:00,"[0.29605866177818513, 0.1842346471127406, 0.1466544454628781, 0.09715857011915674, 0.06599450045829514, 0.05866177818515124, 0.05682859761686526, 0.05224564619615032, 0.04216315307057745]",first,TA
MOVRUSDT,2022-08-16-00:00,2022-08-17-00:00,"[0.12007332722273144, 0.09715857011915674, 0.10632447296058661, 0.10540788267644363, 0.10999083409715857, 0.10449129239230064, 0.09532538955087076, 0.09165902841429881, 0.07332722273143905, 0.09624197983501374]",second,TA
MOVRUSDT,2022-08-17-00:00,2022-08-18-00:00,"[0.31290849673202614, 0.1772875816993464, 0.12254901960784313, 0.08823529411764706, 0.0784313725490196, 0.0718954248366013, 0.058823529411764705, 0.04656862745098039, 0.04330065359477124]",first,TA
MOVRUSDT,2022-08-17-00:00,2022-08-18-00:00,"[0.12990196078431374, 0.10212418300653595, 0.09640522875816994, 0.09395424836601307, 0.11356209150326797, 0.12908496732026145, 0.07924836601307189, 0.08333333333333333, 0.08088235294117647, 0.0915032679738562]",second,TA
MOVRUSDT,2022-08-18-00:00,2022-08-19-00:00,"[0.3229166666666667, 0.17045454545454544, 0.13920454545454544, 0.10227272727272728, 0.07481060606060606, 0.041666666666666664, 0.054924242424242424, 0.043560606060606064, 0.050189393939393936]",first,TA
MOVRUSDT,2022-08-18-00:00,2022-08-19-00:00,"[0.12026515151515152, 0.11553030303030302, 0.11079545454545454, 0.11458333333333333, 0.11174242424242424, 0.09659090909090909, 0.07196969696969698, 0.08428030303030302, 0.07575757575757576, 0.09848484848484848]",second,TA
MOVRUSDT,2022-08-19-00:00,2022-08-20-00:00,"[0.32047244094488186, 0.16535433070866143, 0.11338582677165354, 0.09370078740157481, 0.08267716535433071, 0.06692913385826772, 0.06377952755905512, 0.047244094488188976, 0.046456692913385826]",first,TA
MOVRUSDT,2022-08-19-00:00,2022-08-20-00:00,"[0.10866141732283464, 0.1125984251968504, 0.1188976377952756, 0.11496062992125984, 0.11181102362204724, 0.08818897637795275, 0.08818897637795275, 0.07716535433070866, 0.08346456692913386, 0.09606299212598425]",second,TA
MOVRUSDT,2022-08-20-00:00,2022-08-21-00:00,"[0.30844444444444447, 0.17333333333333334, 0.12622222222222224, 0.08888888888888889, 0.0791111111111111, 0.06222222222222222, 0.064, 0.051555555555555556, 0.04622222222222222]",first,TA
MOVRUSDT,2022-08-20-00:00,2022-08-21-00:00,"[0.1431111111111111, 0.1111111111111111, 0.13155555555555556, 0.11733333333333333, 0.10311111111111111, 0.09422222222222222, 0.07822222222222222, 0.07733333333333334, 0.05333333333333334, 0.09066666666666667]",second,TA
MOVRUSDT,2022-08-21-00:00,2022-08-22-00:00,"[0.3205240174672489, 0.18602620087336244, 0.12838427947598252, 0.09868995633187773, 0.062882096069869, 0.06026200873362445, 0.05764192139737991, 0.048034934497816595, 0.03755458515283843]",first,TA
MOVRUSDT,2022-08-21-00:00,2022-08-22-00:00,"[0.11703056768558952, 0.11091703056768559, 0.11877729257641921, 0.10043668122270742, 0.10480349344978165, 0.08558951965065502, 0.09170305676855896, 0.08034934497816594, 0.08384279475982533, 0.10655021834061135]",second,TA
MOVRUSDT,2022-08-22-00:00,2022-08-23-00:00,"[0.2782348541510845, 0.1869857890800299, 0.13163799551234107, 0.08900523560209424, 0.08077786088257292, 0.06207928197456993, 0.05235602094240838, 0.06581899775617053, 0.053103964098728494]",first,TA
MOVRUSDT,2022-08-22-00:00,2022-08-23-00:00,"[0.11518324607329843, 0.11817501869857891, 0.11368735976065819, 0.10770381451009724, 0.10770381451009724, 0.08376963350785341, 0.09199700822737472, 0.07030665669409125, 0.09573672400897532, 0.09573672400897532]",second,TA
MOVRUSDT,2022-08-23-00:00,2022-08-24-00:00,"[0.3132420091324201, 0.20273972602739726, 0.10684931506849316, 0.10593607305936073, 0.07397260273972603, 0.0547945205479452, 0.053881278538812784, 0.04474885844748858, 0.043835616438356165]",first,TA
MOVRUSDT,2022-08-23-00:00,2022-08-24-00:00,"[0.1178082191780822, 0.12420091324200913, 0.10319634703196347, 0.11963470319634703, 0.11050228310502283, 0.07488584474885844, 0.0867579908675799, 0.10776255707762557, 0.0684931506849315, 0.0867579908675799]",second,TA
MOVRUSDT,2022-08-24-00:00,2022-08-25-00:00,"[0.34523809523809523, 0.19047619047619047, 0.12797619047619047, 0.08333333333333333, 0.060515873015873016, 0.05952380952380952, 0.050595238095238096, 0.03869047619047619, 0.04365079365079365]",first,TA
MOVRUSDT,2022-08-24-00:00,2022-08-25-00:00,"[0.1378968253968254, 0.12698412698412698, 0.10416666666666667, 0.11408730158730158, 0.09722222222222222, 0.08928571428571429, 0.06944444444444445, 0.09226190476190477, 0.08432539682539683, 0.08432539682539683]",second,TA
MOVRUSDT,2022-08-25-00:00,2022-08-26-00:00,"[0.3557394002068252, 0.18821096173733196, 0.1189245087900724, 0.09927611168562564, 0.06204756980351603, 0.03619441571871768, 0.05997931747673216, 0.03619441571871768, 0.04343329886246122]",first,TA
MOVRUSDT,2022-08-25-00:00,2022-08-26-00:00,"[0.12306101344364012, 0.13029989658738367, 0.09513960703205791, 0.10858324715615306, 0.09513960703205791, 0.09720785935884178, 0.09410548086866598, 0.0827300930713547, 0.08583247156153051, 0.08790072388831438]",second,TA
MOVRUSDT,2022-08-26-00:00,2022-08-27-00:00,"[0.3095723014256619, 0.18533604887983707, 0.12423625254582485, 0.10896130346232179, 0.051934826883910386, 0.07128309572301425, 0.0539714867617108, 0.045824847250509164, 0.048879837067209775]",first,TA
MOVRUSDT,2022-08-26-00:00,2022-08-27-00:00,"[0.13238289205702647, 0.1109979633401222, 0.08961303462321792, 0.11507128309572301, 0.12321792260692464, 0.09674134419551934, 0.0814663951120163, 0.0855397148676171, 0.07637474541751528, 0.08859470468431772]",second,TA
MOVRUSDT,2022-08-27-00:00,2022-08-28-00:00,"[0.28763183125599234, 0.18120805369127516, 0.12080536912751678, 0.09491850431447747, 0.08341323106423777, 0.06999041227229147, 0.0728667305848514, 0.037392138063279005, 0.05177372962607862]",first,TA
MOVRUSDT,2022-08-27-00:00,2022-08-28-00:00,"[0.12176414189837009, 0.0987535953978907, 0.14381591562799617, 0.11697027804410355, 0.10067114093959731, 0.0862895493767977, 0.10067114093959731, 0.0728667305848514, 0.059443911792905084, 0.0987535953978907]",second,TA
MOVRUSDT,2022-08-28-00:00,2022-08-29-00:00,"[0.3268186753528773, 0.18675352877307275, 0.10314875135722042, 0.0988056460369164, 0.06514657980456026, 0.06514657980456026, 0.06188925081433225, 0.04343105320304017, 0.048859934853420196]",first,TA
MOVRUSDT,2022-08-28-00:00,2022-08-29-00:00,"[0.1444082519001086, 0.11183496199782844, 0.13137893593919653, 0.13029315960912052, 0.09771986970684039, 0.09337676438653637, 0.06948968512486428, 0.06406080347448426, 0.05754614549402823, 0.0998914223669924]",second,TA
MOVRUSDT,2022-08-29-00:00,2022-08-30-00:00,"[0.33190578158458245, 0.18950749464668093, 0.11991434689507495, 0.0974304068522484, 0.06423982869379015, 0.048179871520342615, 0.05353319057815846, 0.048179871520342615, 0.047109207708779445]",first,TA
MOVRUSDT,2022-08-29-00:00,2022-08-30-00:00,"[0.13062098501070663, 0.11563169164882227, 0.12955032119914348, 0.07922912205567452, 0.12312633832976445, 0.08779443254817987, 0.07601713062098502, 0.07708779443254818, 0.06852248394004283, 0.11241970021413276]",second,TA
MOVRUSDT,2022-08-30-00:00,2022-08-31-00:00,"[0.2991360691144708, 0.17386609071274298, 0.13498920086393087, 0.08747300215982722, 0.08315334773218143, 0.07127429805615551, 0.061555075593952485, 0.04859611231101512, 0.03995680345572354]",first,TA
MOVRUSDT,2022-08-30-00:00,2022-08-31-00:00,"[0.12526997840172785, 0.11555075593952484, 0.11879049676025918, 0.0939524838012959, 0.09827213822894168, 0.12419006479481641, 0.09611231101511879, 0.07667386609071274, 0.05939524838012959, 0.091792656587473]",second,TA
MOVRUSDT,2022-08-31-00:00,2022-09-01-00:00,"[0.2988133764832794, 0.20711974110032363, 0.12081984897518878, 0.09061488673139159, 0.07335490830636461, 0.06796116504854369, 0.05717367853290183, 0.03559870550161812, 0.04854368932038835]",first,TA
MOVRUSDT,2022-08-31-00:00,2022-09-01-00:00,"[0.09600862998921252, 0.11758360302049622, 0.12944983818770225, 0.08306364617044229, 0.14023732470334413, 0.0970873786407767, 0.07659115426105717, 0.08737864077669903, 0.07119741100323625, 0.10140237324703344]",second,TA
MOVRUSDT,2022-09-01-00:00,2022-09-02-00:00,"[0.36058230683090703, 0.1858902575587906, 0.09630459126539753, 0.07502799552071669, 0.08846584546472565, 0.05375139977603583, 0.04703247480403135, 0.04703247480403135, 0.04591265397536394]",first,TA
MOVRUSDT,2022-09-01-00:00,2022-09-02-00:00,"[0.14669652855543114, 0.11198208286674133, 0.11422172452407615, 0.08734602463605823, 0.12318029115341546, 0.08734602463605823, 0.0851063829787234, 0.08622620380739082, 0.06159014557670773, 0.09630459126539753]",second,TA
MOVRUSDT,2022-09-02-00:00,2022-09-03-00:00,"[0.34018499486125386, 0.1932168550873587, 0.09969167523124357, 0.09352517985611511, 0.07913669064748201, 0.06063720452209661, 0.05858170606372045, 0.044193216855087356, 0.030832476875642344]",first,TA
MOVRUSDT,2022-09-02-00:00,2022-09-03-00:00,"[0.1366906474820144, 0.10380267214799589, 0.12332990750256938, 0.10688591983556012, 0.10071942446043165, 0.10380267214799589, 0.0698869475847893, 0.065775950668037, 0.07708119218910586, 0.11202466598150052]",second,TA
MOVRUSDT,2022-09-03-00:00,2022-09-04-00:00,"[0.3185595567867036, 0.16528162511542013, 0.14496768236380425, 0.09787626962142197, 0.061865189289012, 0.06278855032317636, 0.05817174515235457, 0.04524469067405355, 0.04524469067405355]",first,TA
MOVRUSDT,2022-09-03-00:00,2022-09-04-00:00,"[0.11819021237303785, 0.10156971375807941, 0.12557710064635272, 0.11357340720221606, 0.09787626962142197, 0.09602954755309326, 0.09141274238227147, 0.09141274238227147, 0.07571560480147738, 0.0886426592797784]",second,TA
MOVRUSDT,2022-09-04-00:00,2022-09-05-00:00,"[0.3325608342989571, 0.21205098493626884, 0.12746234067207415, 0.09501738122827347, 0.055619930475086905, 0.06257242178447277, 0.038238702201622246, 0.03244495944380069, 0.0440324449594438]",first,TA
MOVRUSDT,2022-09-04-00:00,2022-09-05-00:00,"[0.13441483198146004, 0.11471610660486674, 0.12977983777520277, 0.10544611819235226, 0.09385863267670916, 0.10428736964078796, 0.06488991888760139, 0.06836616454229433, 0.08111239860950174, 0.10312862108922363]",second,TA
MOVRUSDT,2022-09-05-00:00,2022-09-06-00:00,"[0.3224821973550356, 0.1871820956256358, 0.1353001017293998, 0.07324516785350967, 0.07934893184130214, 0.06002034587995931, 0.04984740590030519, 0.04781281790437437, 0.044760935910478125]",first,TA
MOVRUSDT,2022-09-05-00:00,2022-09-06-00:00,"[0.13021363173957273, 0.12105798575788403, 0.09257375381485249, 0.10885045778229908, 0.09969481180061038, 0.09257375381485249, 0.09969481180061038, 0.07833163784333673, 0.07731434384537131, 0.09969481180061038]",second,TA
MOVRUSDT,2022-09-06-00:00,2022-09-07-00:00,"[0.3210912906610703, 0.1794333683105981, 0.1311647429171039, 0.10388247639034627, 0.07555089192025184, 0.05246589716684155, 0.04302203567681007, 0.03882476390346275, 0.05456453305351522]",first,TA
MOVRUSDT,2022-09-06-00:00,2022-09-07-00:00,"[0.14690451206715635, 0.08919202518363065, 0.11017838405036726, 0.09863588667366212, 0.10703043022035677, 0.11017838405036726, 0.06925498426023086, 0.08394543546694648, 0.080797481636936, 0.10388247639034627]",second,TA
MOVRUSDT,2022-09-07-00:00,2022-09-08-00:00,"[0.31647940074906367, 0.19382022471910113, 0.11329588014981273, 0.10112359550561797, 0.07584269662921349, 0.0702247191011236, 0.04962546816479401, 0.03932584269662921, 0.040262172284644196]",first,TA
MOVRUSDT,2022-09-07-00:00,2022-09-08-00:00,"[0.14138576779026218, 0.09550561797752809, 0.10486891385767791, 0.10112359550561797, 0.09269662921348315, 0.08801498127340825, 0.08146067415730338, 0.11423220973782772, 0.0852059925093633, 0.09550561797752809]",second,TA
MOVRUSDT,2022-09-08-00:00,2022-09-09-00:00,"[0.313824419778002, 0.19979818365287588, 0.11402623612512613, 0.09889001009081735, 0.05852674066599395, 0.056508577194752774, 0.05751765893037336, 0.055499495459132187, 0.045408678102926335]",first,TA
MOVRUSDT,2022-09-08-00:00,2022-09-09-00:00,"[0.11503531786074672, 0.09687184661957618, 0.13420787083753785, 0.10191725529767912, 0.11200807265388496, 0.11099899091826437, 0.08879919273461151, 0.07366296670030273, 0.07063572149344097, 0.0958627648839556]",second,TA
MOVRUSDT,2022-09-09-00:00,2022-09-10-00:00,"[0.3068833652007648, 0.1806883365200765, 0.13193116634799235, 0.10611854684512428, 0.08508604206500955, 0.055449330783938815, 0.05736137667304015, 0.04206500956022945, 0.03441682600382409]",first,TA
MOVRUSDT,2022-09-09-00:00,2022-09-10-00:00,"[0.11663479923518165, 0.11950286806883365, 0.12523900573613767, 0.08795411089866156, 0.10611854684512428, 0.09369024856596558, 0.08317399617590822, 0.08317399617590822, 0.08317399617590822, 0.10133843212237094]",second,TA
MOVRUSDT,2022-09-10-00:00,2022-09-11-00:00,"[0.2984670874661858, 0.19296663660955815, 0.11632100991884581, 0.10459873760144274, 0.08385933273219116, 0.060414788097385035, 0.057709648331830475, 0.04147880973850315, 0.04418394950405771]",first,TA
MOVRUSDT,2022-09-10-00:00,2022-09-11-00:00,"[0.11992786293958521, 0.11722272317403065, 0.11000901713255185, 0.09828674481514878, 0.1036970243462579, 0.08926961226330027, 0.10820559062218214, 0.07123534715960325, 0.0721370604147881, 0.11000901713255185]",second,TA
MOVRUSDT,2022-09-11-00:00,2022-09-12-00:00,"[0.3296516567544605, 0.18181818181818182, 0.11809685641461343, 0.09685641461342395, 0.06542056074766354, 0.059473237043330504, 0.056074766355140186, 0.045029736618521665, 0.0475785896346644]",first,TA
MOVRUSDT,2022-09-11-00:00,2022-09-12-00:00,"[0.12829226847918437, 0.12064570943075616, 0.09685641461342395, 0.10450297366185217, 0.11299915038232795, 0.10025488530161428, 0.0790144435004248, 0.06966864910790145, 0.0951571792693288, 0.09260832625318606]",second,TA
MOVRUSDT,2022-09-12-00:00,2022-09-13-00:00,"[0.3173758865248227, 0.17375886524822695, 0.12234042553191489, 0.10460992907801418, 0.08156028368794327, 0.0700354609929078, 0.04521276595744681, 0.03546099290780142, 0.04964539007092199]",first,TA
MOVRUSDT,2022-09-12-00:00,2022-09-13-00:00,"[0.1374113475177305, 0.10460992907801418, 0.1099290780141844, 0.10549645390070922, 0.09840425531914894, 0.08687943262411348, 0.10017730496453901, 0.0851063829787234, 0.07092198581560284, 0.10106382978723404]",second,TA
MOVRUSDT,2022-09-13-00:00,2022-09-14-00:00,"[0.3170498084291188, 0.19731800766283525, 0.11877394636015326, 0.08812260536398467, 0.07375478927203065, 0.07375478927203065, 0.039272030651340994, 0.045019157088122604, 0.04693486590038314]",first,TA
MOVRUSDT,2022-09-13-00:00,2022-09-14-00:00,"[0.12931034482758622, 0.09291187739463602, 0.12931034482758622, 0.10440613026819924, 0.11590038314176246, 0.09865900383141762, 0.07471264367816093, 0.08908045977011494, 0.07375478927203065, 0.09195402298850575]",second,TA
MOVRUSDT,2022-09-14-00:00,2022-09-15-00:00,"[0.32045929018789143, 0.1847599164926931, 0.10125260960334029, 0.08872651356993737, 0.06263048016701461, 0.081419624217119, 0.0511482254697286, 0.055323590814196244, 0.054279749478079335]",first,TA
MOVRUSDT,2022-09-14-00:00,2022-09-15-00:00,"[0.12108559498956159, 0.12317327766179541, 0.09707724425887265, 0.12212943632567849, 0.10125260960334029, 0.07411273486430063, 0.08872651356993737, 0.0824634655532359, 0.06263048016701461, 0.12734864300626306]",second,TA
MOVRUSDT,2022-09-15-00:00,2022-09-16-00:00,"[0.3525773195876289, 0.16907216494845362, 0.12783505154639174, 0.09896907216494845, 0.0731958762886598, 0.049484536082474224, 0.04020618556701031, 0.03505154639175258, 0.05360824742268041]",first,TA
MOVRUSDT,2022-09-15-00:00,2022-09-16-00:00,"[0.1309278350515464, 0.13298969072164948, 0.10515463917525773, 0.11237113402061856, 0.11237113402061856, 0.088659793814433, 0.0865979381443299, 0.0577319587628866, 0.0711340206185567, 0.10206185567010309]",second,TA
MOVRUSDT,2022-09-16-00:00,2022-09-17-00:00,"[0.35287846481876334, 0.1886993603411514, 0.10660980810234541, 0.09808102345415778, 0.0628997867803838, 0.05970149253731343, 0.04797441364605544, 0.035181236673773986, 0.04797441364605544]",first,TA
MOVRUSDT,2022-09-16-00:00,2022-09-17-00:00,"[0.13859275053304904, 0.1279317697228145, 0.1140724946695096, 0.11300639658848614, 0.09168443496801706, 0.08315565031982942, 0.0906183368869936, 0.08635394456289978, 0.05970149253731343, 0.09488272921108742]",second,TA
MOVRUSDT,2022-09-17-00:00,2022-09-18-00:00,"[0.33224043715846996, 0.15956284153005465, 0.13333333333333333, 0.09289617486338798, 0.06448087431693988, 0.06885245901639345, 0.05573770491803279, 0.04590163934426229, 0.046994535519125684]",first,TA
MOVRUSDT,2022-09-17-00:00,2022-09-18-00:00,"[0.1551912568306011, 0.11256830601092896, 0.09508196721311475, 0.09726775956284153, 0.10710382513661203, 0.10163934426229508, 0.08196721311475409, 0.08633879781420765, 0.0633879781420765, 0.0994535519125683]",second,TA
MOVRUSDT,2022-09-18-00:00,2022-09-19-00:00,"[0.3273809523809524, 0.1736111111111111, 0.125, 0.0763888888888889, 0.08134920634920635, 0.06746031746031746, 0.050595238095238096, 0.04365079365079365, 0.054563492063492064]",first,TA
MOVRUSDT,2022-09-18-00:00,2022-09-19-00:00,"[0.14285714285714285, 0.10813492063492064, 0.08928571428571429, 0.10218253968253968, 0.1001984126984127, 0.09523809523809523, 0.1001984126984127, 0.07341269841269842, 0.08234126984126984, 0.10615079365079365]",second,TA
MOVRUSDT,2022-09-19-00:00,2022-09-20-00:00,"[0.31175468483816016, 0.19080068143100512, 0.11839863713798977, 0.09880749574105621, 0.07325383304940375, 0.062180579216354344, 0.06047700170357751, 0.03577512776831346, 0.048551959114139696]",first,TA
MOVRUSDT,2022-09-19-00:00,2022-09-20-00:00,"[0.1362862010221465, 0.12691652470187392, 0.10902896081771721, 0.1141396933560477, 0.08262350936967632, 0.0868824531516184, 0.08262350936967632, 0.07751277683134583, 0.0817717206132879, 0.10221465076660988]",second,TA
MOVRUSDT,2022-09-20-00:00,2022-09-21-00:00,"[0.34121274409044194, 0.18191161356628982, 0.11613566289825282, 0.09558067831449127, 0.048304213771839674, 0.065775950668037, 0.051387461459403906, 0.040082219938335044, 0.05960945529290853]",first,TA
MOVRUSDT,2022-09-20-00:00,2022-09-21-00:00,"[0.14902363823227133, 0.11202466598150052, 0.10483042137718397, 0.10688591983556012, 0.10174717368961973, 0.07810894141829394, 0.07810894141829394, 0.0842754367934224, 0.08119218910585817, 0.10380267214799589]",second,TA
MOVRUSDT,2022-09-21-00:00,2022-09-22-00:00,"[0.31813471502590673, 0.22383419689119172, 0.10155440414507771, 0.08601036269430051, 0.07357512953367876, 0.061139896373056994, 0.05181347150259067, 0.043523316062176166, 0.04041450777202073]",first,TA
MOVRUSDT,2022-09-21-00:00,2022-09-22-00:00,"[0.1316062176165803, 0.11502590673575129, 0.11088082901554404, 0.09740932642487046, 0.09430051813471503, 0.09533678756476684, 0.08082901554404145, 0.07772020725388601, 0.07875647668393783, 0.11813471502590674]",second,TA
MOVRUSDT,2022-09-22-00:00,2022-09-23-00:00,"[0.31400535236396077, 0.18822479928635147, 0.11239964317573595, 0.09545049063336307, 0.07404103479036575, 0.05263157894736842, 0.06512042818911686, 0.04192685102586976, 0.056199821587867974]",first,TA
MOVRUSDT,2022-09-22-00:00,2022-09-23-00:00,"[0.13737734165923282, 0.09812667261373774, 0.11150758251561106, 0.10615521855486174, 0.10347903657448707, 0.07939339875111508, 0.07939339875111508, 0.07850133809099019, 0.08742194469223907, 0.11864406779661017]",second,TA
MOVRUSDT,2022-09-23-00:00,2022-09-24-00:00,"[0.2881516587677725, 0.1971563981042654, 0.11753554502369669, 0.0995260663507109, 0.07867298578199051, 0.04075829383886256, 0.04834123222748815, 0.04075829383886256, 0.08909952606635071]",first,TA
MOVRUSDT,2022-09-23-00:00,2022-09-24-00:00,"[0.13933649289099526, 0.11469194312796209, 0.09004739336492891, 0.09573459715639811, 0.0985781990521327, 0.09004739336492891, 0.08720379146919431, 0.06729857819905213, 0.08341232227488152, 0.13364928909952606]",second,TA
MOVRUSDT,2022-09-24-00:00,2022-09-25-00:00,"[0.311601150527325, 0.18216682646212848, 0.12751677852348994, 0.09971236816874401, 0.06519654841802493, 0.04793863854266539, 0.053691275167785234, 0.04314477468839885, 0.06903163950143816]",first,TA
MOVRUSDT,2022-09-24-00:00,2022-09-25-00:00,"[0.16395014381591563, 0.11505273250239693, 0.12464046021093, 0.09300095877277086, 0.10450623202301054, 0.08149568552253116, 0.0728667305848514, 0.0728667305848514, 0.0488974113135187, 0.12272291466922339]",second,TA
MOVRUSDT,2022-09-25-00:00,2022-09-26-00:00,"[0.3298368298368298, 0.1794871794871795, 0.13286713286713286, 0.08391608391608392, 0.08624708624708624, 0.055944055944055944, 0.045454545454545456, 0.027972027972027972, 0.05827505827505827]",first,TA
MOVRUSDT,2022-09-25-00:00,2022-09-26-00:00,"[0.16666666666666666, 0.10372960372960373, 0.11072261072261072, 0.07342657342657342, 0.0944055944055944, 0.11188811188811189, 0.08158508158508158, 0.07226107226107226, 0.0780885780885781, 0.10722610722610723]",second,TA
MOVRUSDT,2022-09-26-00:00,2022-09-27-00:00,"[0.31795386158475425, 0.2086258776328987, 0.10732196589769308, 0.08324974924774323, 0.07723169508525576, 0.05315947843530592, 0.06619859578736209, 0.03610832497492478, 0.05015045135406219]",first,TA
MOVRUSDT,2022-09-26-00:00,2022-09-27-00:00,"[0.1334002006018054, 0.13440320962888666, 0.09027081243731194, 0.10832497492477432, 0.10030090270812438, 0.10030090270812438, 0.08826479438314945, 0.0732196589769308, 0.07522567703109329, 0.09628886659979939]",second,TA
MOVRUSDT,2022-09-27-00:00,2022-09-28-00:00,"[0.3300970873786408, 0.17766990291262136, 0.12233009708737864, 0.09514563106796116, 0.06796116504854369, 0.06019417475728155, 0.059223300970873784, 0.036893203883495145, 0.05048543689320388]",first,TA
MOVRUSDT,2022-09-27-00:00,2022-09-28-00:00,"[0.141747572815534, 0.11067961165048544, 0.09805825242718447, 0.10776699029126213, 0.11747572815533981, 0.10679611650485436, 0.09223300970873786, 0.07572815533980583, 0.06893203883495146, 0.08058252427184466]",second,TA
MOVRUSDT,2022-09-28-00:00,2022-09-29-00:00,"[0.3393708293612965, 0.16777883698760723, 0.12202097235462345, 0.09246901811248809, 0.06768350810295519, 0.06387035271687322, 0.04575786463298379, 0.047664442326024785, 0.05338417540514776]",first,TA
MOVRUSDT,2022-09-28-00:00,2022-09-29-00:00,"[0.1544327931363203, 0.12202097235462345, 0.08484270734032412, 0.09818875119161107, 0.109628217349857, 0.0905624404194471, 0.08579599618684461, 0.0877025738798856, 0.07435653002859867, 0.09246901811248809]",second,TA
MOVRUSDT,2022-09-29-00:00,2022-09-30-00:00,"[0.3193493150684932, 0.17465753424657535, 0.1292808219178082, 0.0958904109589041, 0.07191780821917808, 0.06164383561643835, 0.05136986301369863, 0.052226027397260275, 0.04366438356164384]",first,TA
MOVRUSDT,2022-09-29-00:00,2022-09-30-00:00,"[0.1404109589041096, 0.11044520547945205, 0.1053082191780822, 0.09931506849315068, 0.10787671232876712, 0.10102739726027397, 0.0642123287671233, 0.09246575342465753, 0.08304794520547945, 0.0958904109589041]",second,TA
MOVRUSDT,2022-09-30-00:00,2022-10-01-00:00,"[0.3047790802524797, 0.19296663660955815, 0.13435527502254282, 0.10009017132551848, 0.08385933273219116, 0.05590622182146077, 0.04418394950405771, 0.0351668169522092, 0.04869251577998197]",first,TA
MOVRUSDT,2022-09-30-00:00,2022-10-01-00:00,"[0.18034265103697025, 0.12353471596032461, 0.09107303877366997, 0.09828674481514878, 0.09017132551848513, 0.09377817853922453, 0.07484220018034266, 0.062218214607754736, 0.06943192064923355, 0.11632100991884581]",second,TA
MOVRUSDT,2022-10-01-00:00,2022-10-02-00:00,"[0.27801724137931033, 0.20043103448275862, 0.13038793103448276, 0.11637931034482758, 0.07650862068965517, 0.04633620689655173, 0.057112068965517244, 0.04525862068965517, 0.04956896551724138]",first,TA
MOVRUSDT,2022-10-01-00:00,2022-10-02-00:00,"[0.17025862068965517, 0.10237068965517242, 0.09913793103448276, 0.10775862068965517, 0.09913793103448276, 0.07866379310344827, 0.08836206896551724, 0.07435344827586207, 0.061422413793103446, 0.11853448275862069]",second,TA
MOVRUSDT,2022-10-02-00:00,2022-10-03-00:00,"[0.31833910034602075, 0.17993079584775087, 0.10265282583621683, 0.0922722029988466, 0.1061130334486736, 0.04498269896193772, 0.06343713956170703, 0.03460207612456748, 0.05767012687427912]",first,TA
MOVRUSDT,2022-10-02-00:00,2022-10-03-00:00,"[0.17647058823529413, 0.1314878892733564, 0.12110726643598616, 0.08996539792387544, 0.10149942329873125, 0.08073817762399077, 0.07035755478662054, 0.06459054209919261, 0.06228373702422145, 0.10149942329873125]",second,TA
MOVRUSDT,2022-10-03-00:00,2022-10-04-00:00,"[0.3150684931506849, 0.17281348788198103, 0.1285563751317176, 0.0874604847207587, 0.06743940990516333, 0.0505795574288725, 0.06111696522655427, 0.03898840885142255, 0.0779768177028451]",first,TA
MOVRUSDT,2022-10-03-00:00,2022-10-04-00:00,"[0.17070600632244468, 0.12539515279241306, 0.101159114857745, 0.08851422550052687, 0.09272918861959958, 0.08535300316122234, 0.059009483667017915, 0.06533192834562697, 0.08113804004214963, 0.13066385669125394]",second,TA
MOVRUSDT,2022-10-04-00:00,2022-10-05-00:00,"[0.30198915009041594, 0.1980108499095841, 0.11301989150090416, 0.0867992766726944, 0.07775768535262206, 0.06690777576853527, 0.05605786618444846, 0.059674502712477394, 0.039783001808318265]",first,TA
MOVRUSDT,2022-10-04-00:00,2022-10-05-00:00,"[0.12839059674502712, 0.12296564195298372, 0.11754068716094032, 0.09403254972875226, 0.08951175406871609, 0.08951175406871609, 0.08499095840867993, 0.08318264014466546, 0.07775768535262206, 0.11211573236889692]",second,TA
MOVRUSDT,2022-10-05-00:00,2022-10-06-00:00,"[0.3019578313253012, 0.18900602409638553, 0.11521084337349398, 0.10240963855421686, 0.07605421686746988, 0.06701807228915663, 0.05647590361445783, 0.04969879518072289, 0.04216867469879518]",first,TA
MOVRUSDT,2022-10-05-00:00,2022-10-06-00:00,"[0.12048192771084337, 0.0963855421686747, 0.11822289156626506, 0.11219879518072289, 0.09563253012048192, 0.10391566265060241, 0.09262048192771084, 0.08358433734939759, 0.0783132530120482, 0.09864457831325302]",second,TA
MOVRUSDT,2022-10-06-00:00,2022-10-07-00:00,"[0.32727272727272727, 0.18181818181818182, 0.11272727272727273, 0.08181818181818182, 0.07909090909090909, 0.06545454545454546, 0.05272727272727273, 0.05, 0.04909090909090909]",first,TA
MOVRUSDT,2022-10-06-00:00,2022-10-07-00:00,"[0.12181818181818181, 0.12090909090909091, 0.11636363636363636, 0.09272727272727273, 0.10454545454545454, 0.08, 0.08818181818181818, 0.08454545454545455, 0.08727272727272728, 0.10363636363636364]",second,TA
MOVRUSDT,2022-10-07-00:00,2022-10-08-00:00,"[0.31512605042016806, 0.1722689075630252, 0.14915966386554622, 0.08298319327731092, 0.08088235294117647, 0.045168067226890755, 0.058823529411764705, 0.029411764705882353, 0.0661764705882353]",first,TA
MOVRUSDT,2022-10-07-00:00,2022-10-08-00:00,"[0.17752100840336135, 0.1092436974789916, 0.09453781512605042, 0.08718487394957983, 0.09243697478991597, 0.0661764705882353, 0.08088235294117647, 0.08508403361344538, 0.06407563025210083, 0.14285714285714285]",second,TA
MOVRUSDT,2022-10-08-00:00,2022-10-09-00:00,"[0.3995354239256678, 0.148664343786295, 0.11033681765389082, 0.06968641114982578, 0.07317073170731707, 0.04645760743321719, 0.03716608594657375, 0.025551684088269456, 0.08943089430894309]",first,TA
MOVRUSDT,2022-10-08-00:00,2022-10-09-00:00,"[0.1986062717770035, 0.19279907084785133, 0.09407665505226481, 0.07781649245063879, 0.06968641114982578, 0.0545876887340302, 0.06504065040650407, 0.056910569105691054, 0.056910569105691054, 0.13356562137049943]",second,TA
MOVRUSDT,2022-10-09-00:00,2022-10-10-00:00,"[0.4014778325123153, 0.13916256157635468, 0.12192118226600986, 0.0812807881773399, 0.05172413793103448, 0.05172413793103448, 0.0332512315270936, 0.034482758620689655, 0.08497536945812807]",first,TA
MOVRUSDT,2022-10-09-00:00,2022-10-10-00:00,"[0.17980295566502463, 0.1687192118226601, 0.09359605911330049, 0.08374384236453201, 0.07512315270935961, 0.06280788177339902, 0.05665024630541872, 0.07266009852216748, 0.0665024630541872, 0.14039408866995073]",second,TA
MOVRUSDT,2022-10-10-00:00,2022-10-11-00:00,"[0.32558139534883723, 0.18087855297157623, 0.11627906976744186, 0.08139534883720931, 0.08139534883720931, 0.06589147286821706, 0.04780361757105943, 0.040051679586563305, 0.060723514211886306]",first,TA
MOVRUSDT,2022-10-10-00:00,2022-10-11-00:00,"[0.16279069767441862, 0.16020671834625322, 0.08656330749354005, 0.07493540051679587, 0.0917312661498708, 0.08527131782945736, 0.07622739018087855, 0.07622739018087855, 0.07751937984496124, 0.10852713178294573]",second,TA
MOVRUSDT,2022-10-11-00:00,2022-10-12-00:00,"[0.34754797441364604, 0.19616204690831557, 0.09808102345415778, 0.07995735607675906, 0.06716417910447761, 0.05223880597014925, 0.04797441364605544, 0.03837953091684435, 0.07249466950959488]",first,TA
MOVRUSDT,2022-10-11-00:00,2022-10-12-00:00,"[0.18336886993603413, 0.1396588486140725, 0.09594882729211088, 0.09168443496801706, 0.10021321961620469, 0.07569296375266525, 0.05543710021321962, 0.06396588486140725, 0.060767590618336885, 0.13326226012793177]",second,TA
MOVRUSDT,2022-10-12-00:00,2022-10-13-00:00,"[0.35301668806161746, 0.17329910141206675, 0.11810012836970475, 0.10526315789473684, 0.0693196405648267, 0.051347881899871634, 0.038510911424903725, 0.029525032092426188, 0.06161745827984596]",first,TA
MOVRUSDT,2022-10-12-00:00,2022-10-13-00:00,"[0.21694480102695765, 0.14890885750962773, 0.110397946084724, 0.059050064184852376, 0.08472400513478819, 0.06546854942233633, 0.05263157894736842, 0.07573812580231065, 0.05263157894736842, 0.13350449293966624]",second,TA
MOVRUSDT,2022-10-13-00:00,2022-10-14-00:00,"[0.3510436432637571, 0.17836812144212524, 0.12808349146110057, 0.08349146110056926, 0.06736242884250475, 0.05218216318785579, 0.03700189753320683, 0.03320683111954459, 0.06925996204933586]",first,TA
MOVRUSDT,2022-10-13-00:00,2022-10-14-00:00,"[0.22485768500948766, 0.11764705882352941, 0.0825426944971537, 0.07400379506641366, 0.08823529411764706, 0.07685009487666034, 0.08823529411764706, 0.07969639468690702, 0.07495256166982922, 0.09297912713472485]",second,TA
MOVRUSDT,2022-10-14-00:00,2022-10-15-00:00,"[0.31587697423108896, 0.18370739817123857, 0.10806317539484622, 0.08395677472984206, 0.06982543640897755, 0.05070656691604322, 0.05236907730673317, 0.04488778054862843, 0.09060681629260182]",first,TA
MOVRUSDT,2022-10-14-00:00,2022-10-15-00:00,"[0.17622610141313383, 0.14131338320864506, 0.0889443059019119, 0.08229426433915212, 0.07564422277639235, 0.09642560266001662, 0.06816292601828762, 0.07065669160432253, 0.07231920199501247, 0.12801330008312553]",second,TA
MOVRUSDT,2022-10-15-00:00,2022-10-16-00:00,"[0.3322784810126582, 0.16244725738396623, 0.1339662447257384, 0.0759493670886076, 0.07067510548523206, 0.07067510548523206, 0.04430379746835443, 0.03270042194092827, 0.0770042194092827]",first,TA
MOVRUSDT,2022-10-15-00:00,2022-10-16-00:00,"[0.17827004219409281, 0.1339662447257384, 0.08016877637130802, 0.08966244725738397, 0.08438818565400844, 0.0759493670886076, 0.08227848101265822, 0.08016877637130802, 0.07911392405063292, 0.1160337552742616]",second,TA
MOVRUSDT,2022-10-16-00:00,2022-10-17-00:00,"[0.3537300922045264, 0.1785414920368818, 0.11399832355406538, 0.08717518860016764, 0.07963118189438391, 0.057837384744341996, 0.03520536462699078, 0.054484492875104776, 0.039396479463537304]",first,TA
MOVRUSDT,2022-10-16-00:00,2022-10-17-00:00,"[0.15423302598491198, 0.12740989103101424, 0.10980720871751885, 0.10226320201173512, 0.08466051969823973, 0.0989103101424979, 0.07124895222129086, 0.08298407376362113, 0.07376362112321877, 0.09471919530595138]",second,TA
MOVRUSDT,2022-10-17-00:00,2022-10-18-00:00,"[0.36905871388630007, 0.17707362534948742, 0.11556383970177074, 0.09599254426840634, 0.06616961789375582, 0.05032618825722274, 0.03821062441752097, 0.045666356011183594, 0.04193849021435228]",first,TA
MOVRUSDT,2022-10-17-00:00,2022-10-18-00:00,"[0.18080149114631874, 0.16868592730661697, 0.10624417520969245, 0.08201304753028892, 0.09133271202236719, 0.08387698042870456, 0.06430568499534017, 0.06523765144454799, 0.06430568499534017, 0.09319664492078285]",second,TA
MOVRUSDT,2022-10-18-00:00,2022-10-19-00:00,"[0.3659147869674185, 0.1620718462823726, 0.1060985797827903, 0.0860484544695071, 0.0910609857978279, 0.05179615705931495, 0.042606516290726815, 0.05179615705931495, 0.042606516290726815]",first,TA
MOVRUSDT,2022-10-18-00:00,2022-10-19-00:00,"[0.18128654970760233, 0.14619883040935672, 0.10693400167084377, 0.1060985797827903, 0.0860484544695071, 0.08020050125313283, 0.07268170426065163, 0.06015037593984962, 0.07518796992481203, 0.08521303258145363]",second,TA
MOVRUSDT,2022-10-19-00:00,2022-10-20-00:00,"[0.3599240265906933, 0.17473884140550808, 0.09591642924976258, 0.09116809116809117, 0.06742640075973409, 0.04653371320037987, 0.050332383665717, 0.04843304843304843, 0.06552706552706553]",first,TA
MOVRUSDT,2022-10-19-00:00,2022-10-20-00:00,"[0.2070275403608737, 0.16049382716049382, 0.11396011396011396, 0.09211775878442545, 0.06647673314339982, 0.0778727445394112, 0.052231718898385564, 0.06647673314339982, 0.055080721747388414, 0.10826210826210826]",second,TA
MOVRUSDT,2022-10-20-00:00,2022-10-21-00:00,"[0.3310580204778157, 0.16723549488054607, 0.10466439135381114, 0.09783845278725825, 0.06029579067121729, 0.053469852104664393, 0.034129692832764506, 0.03640500568828214, 0.1149032992036405]",first,TA
MOVRUSDT,2022-10-20-00:00,2022-10-21-00:00,"[0.24118316268486917, 0.10011376564277588, 0.0875995449374289, 0.06484641638225255, 0.07394766780432309, 0.08191126279863481, 0.06825938566552901, 0.06257110352673492, 0.06484641638225255, 0.1547212741751991]",second,TA
MOVRUSDT,2022-10-21-00:00,2022-10-22-00:00,"[0.3755924170616114, 0.14928909952606634, 0.11848341232227488, 0.08649289099526067, 0.06398104265402843, 0.03909952606635071, 0.03909952606635071, 0.058056872037914695, 0.06990521327014218]",first,TA
MOVRUSDT,2022-10-21-00:00,2022-10-22-00:00,"[0.2381516587677725, 0.11255924170616113, 0.07582938388625593, 0.1018957345971564, 0.08056872037914692, 0.07345971563981042, 0.08056872037914692, 0.05924170616113744, 0.06398104265402843, 0.11374407582938388]",second,TA
MOVRUSDT,2022-10-22-00:00,2022-10-23-00:00,"[0.3276209677419355, 0.1975806451612903, 0.11189516129032258, 0.09173387096774194, 0.0715725806451613, 0.05141129032258065, 0.04939516129032258, 0.04334677419354839, 0.055443548387096774]",first,TA
MOVRUSDT,2022-10-22-00:00,2022-10-23-00:00,"[0.19959677419354838, 0.12399193548387097, 0.08366935483870967, 0.0907258064516129, 0.07358870967741936, 0.09778225806451613, 0.07963709677419355, 0.09173387096774194, 0.0715725806451613, 0.08770161290322581]",second,TA
MOVRUSDT,2022-10-23-00:00,2022-10-24-00:00,"[0.34933035714285715, 0.19642857142857142, 0.12834821428571427, 0.08928571428571429, 0.07142857142857142, 0.052455357142857144, 0.04575892857142857, 0.03794642857142857, 0.029017857142857144]",first,TA
MOVRUSDT,2022-10-23-00:00,2022-10-24-00:00,"[0.15736607142857142, 0.16629464285714285, 0.11049107142857142, 0.109375, 0.06696428571428571, 0.08258928571428571, 0.08035714285714286, 0.06919642857142858, 0.0703125, 0.08705357142857142]",second,TA
MOVRUSDT,2022-10-24-00:00,2022-10-25-00:00,"[0.3619702176403207, 0.20847651775486828, 0.09507445589919816, 0.09278350515463918, 0.06643757159221077, 0.038946162657502864, 0.046964490263459335, 0.043528064146620846, 0.045819014891179836]",first,TA
MOVRUSDT,2022-10-24-00:00,2022-10-25-00:00,"[0.15463917525773196, 0.12600229095074456, 0.10767468499427263, 0.0882016036655212, 0.10080183276059565, 0.10194730813287514, 0.08018327605956473, 0.056128293241695305, 0.07445589919816724, 0.10996563573883161]",second,TA
MOVRUSDT,2022-10-25-00:00,2022-10-26-00:00,"[0.35, 0.1837837837837838, 0.10135135135135136, 0.08513513513513514, 0.05675675675675676, 0.05540540540540541, 0.05, 0.04594594594594595, 0.07162162162162163]",first,TA
MOVRUSDT,2022-10-25-00:00,2022-10-26-00:00,"[0.17567567567567569, 0.14189189189189189, 0.0891891891891892, 0.06891891891891892, 0.0972972972972973, 0.07972972972972973, 0.07567567567567568, 0.06351351351351352, 0.08243243243243244, 0.12567567567567567]",second,TA
MOVRUSDT,2022-10-26-00:00,2022-10-27-00:00,"[0.32688588007736946, 0.17988394584139264, 0.12282398452611218, 0.08413926499032882, 0.06673114119922631, 0.0551257253384913, 0.05125725338491296, 0.043520309477756286, 0.06963249516441006]",first,TA
MOVRUSDT,2022-10-26-00:00,2022-10-27-00:00,"[0.1286266924564797, 0.11121856866537717, 0.11121856866537717, 0.09187620889748549, 0.09961315280464217, 0.0735009671179884, 0.08027079303675048, 0.10348162475822051, 0.08704061895551257, 0.11315280464216634]",second,TA
MOVRUSDT,2022-10-27-00:00,2022-10-28-00:00,"[0.3136219640971489, 0.20485744456177402, 0.12565997888067582, 0.09186906019007392, 0.07497360084477296, 0.059134107708553325, 0.0454065469904963, 0.03590285110876452, 0.048574445617740235]",first,TA
MOVRUSDT,2022-10-27-00:00,2022-10-28-00:00,"[0.1351636747624076, 0.11404435058078141, 0.12882787750791974, 0.07602956705385427, 0.07180570221752904, 0.08236536430834214, 0.0908130939809926, 0.08447729672650475, 0.11615628299894404, 0.1003167898627244]",second,TA
MOVRUSDT,2022-10-28-00:00,2022-10-29-00:00,"[0.33851674641148327, 0.18421052631578946, 0.08732057416267942, 0.10645933014354067, 0.06578947368421052, 0.05741626794258373, 0.039473684210526314, 0.04784688995215311, 0.0729665071770335]",first,TA
MOVRUSDT,2022-10-28-00:00,2022-10-29-00:00,"[0.1519138755980861, 0.12081339712918661, 0.11124401913875598, 0.1076555023923445, 0.06818181818181818, 0.09090909090909091, 0.08253588516746412, 0.07177033492822966, 0.07655502392344497, 0.11842105263157894]",second,TA
MOVRUSDT,2022-10-29-00:00,2022-10-30-00:00,"[0.33816964285714285, 0.17745535714285715, 0.09821428571428571, 0.09375, 0.07700892857142858, 0.06361607142857142, 0.05022321428571429, 0.04017857142857143, 0.06138392857142857]",first,TA
MOVRUSDT,2022-10-29-00:00,2022-10-30-00:00,"[0.14285714285714285, 0.12053571428571429, 0.09040178571428571, 0.09375, 0.09821428571428571, 0.09040178571428571, 0.08928571428571429, 0.08147321428571429, 0.078125, 0.11495535714285714]",second,TA
MOVRUSDT,2022-10-30-00:00,2022-10-31-00:00,"[0.3522727272727273, 0.20041322314049587, 0.10020661157024793, 0.09090909090909091, 0.07334710743801653, 0.05268595041322314, 0.027892561983471075, 0.03925619834710744, 0.06301652892561983]",first,TA
MOVRUSDT,2022-10-30-00:00,2022-10-31-00:00,"[0.12706611570247933, 0.13739669421487602, 0.10743801652892562, 0.12396694214876033, 0.08884297520661157, 0.08264462809917356, 0.07231404958677685, 0.08471074380165289, 0.05578512396694215, 0.11983471074380166]",second,TA
MOVRUSDT,2022-10-31-00:00,2022-11-01-00:00,"[0.32475247524752476, 0.18811881188118812, 0.10891089108910891, 0.07425742574257425, 0.08613861386138613, 0.05643564356435644, 0.04257425742574258, 0.03861386138613861, 0.0801980198019802]",first,TA
MOVRUSDT,2022-10-31-00:00,2022-11-01-00:00,"[0.11188118811881188, 0.13762376237623763, 0.12673267326732673, 0.10297029702970296, 0.08613861386138613, 0.07524752475247524, 0.06435643564356436, 0.07722772277227723, 0.05742574257425743, 0.1603960396039604]",second,TA
MOVRUSDT,2022-11-01-00:00,2022-11-02-00:00,"[0.3847953216374269, 0.17660818713450294, 0.13099415204678364, 0.06666666666666667, 0.06549707602339182, 0.05730994152046784, 0.03391812865497076, 0.03508771929824561, 0.04912280701754386]",first,TA
MOVRUSDT,2022-11-01-00:00,2022-11-02-00:00,"[0.1368421052631579, 0.13801169590643275, 0.11578947368421053, 0.10175438596491228, 0.09473684210526316, 0.07602339181286549, 0.0783625730994152, 0.06783625730994151, 0.08888888888888889, 0.10175438596491228]",second,TA
MOVRUSDT,2022-11-02-00:00,2022-11-03-00:00,"[0.358913813459268, 0.18890200708382526, 0.1050767414403778, 0.09563164108618655, 0.06493506493506493, 0.05076741440377804, 0.030696576151121605, 0.03305785123966942, 0.07201889020070838]",first,TA
MOVRUSDT,2022-11-02-00:00,2022-11-03-00:00,"[0.14167650531286896, 0.1381345926800472, 0.1192443919716647, 0.08500590318772137, 0.09563164108618655, 0.07319952774498228, 0.07083825265643448, 0.07083825265643448, 0.089728453364817, 0.11570247933884298]",second,TA
MOVRUSDT,2022-11-03-00:00,2022-11-04-00:00,"[0.34111310592459604, 0.1822262118491921, 0.11669658886894076, 0.09156193895870736, 0.0718132854578097, 0.06193895870736086, 0.0421903052064632, 0.04847396768402154, 0.04398563734290844]",first,TA
MOVRUSDT,2022-11-03-00:00,2022-11-04-00:00,"[0.15350089766606823, 0.13913824057450627, 0.11310592459605028, 0.09605026929982047, 0.07540394973070018, 0.09605026929982047, 0.07540394973070018, 0.07989228007181329, 0.0718132854578097, 0.09964093357271095]",second,TA
MOVRUSDT,2022-11-04-00:00,2022-11-05-00:00,"[0.3468013468013468, 0.18265993265993266, 0.11784511784511785, 0.08164983164983165, 0.07491582491582492, 0.06313131313131314, 0.046296296296296294, 0.0361952861952862, 0.050505050505050504]",first,TA
MOVRUSDT,2022-11-04-00:00,2022-11-05-00:00,"[0.13047138047138046, 0.13973063973063973, 0.13131313131313133, 0.10101010101010101, 0.09848484848484848, 0.08585858585858586, 0.07491582491582492, 0.06565656565656566, 0.06228956228956229, 0.11026936026936027]",second,TA
MOVRUSDT,2022-11-05-00:00,2022-11-06-00:00,"[0.34808013355592654, 0.18363939899833054, 0.11936560934891485, 0.07429048414023372, 0.07679465776293823, 0.06260434056761269, 0.04006677796327212, 0.030884808013355594, 0.0642737896494157]",first,TA
MOVRUSDT,2022-11-05-00:00,2022-11-06-00:00,"[0.1669449081803005, 0.1343906510851419, 0.10767946577629382, 0.08263772954924875, 0.0993322203672788, 0.07762938230383973, 0.07345575959933222, 0.07178631051752922, 0.0676126878130217, 0.11853088480801335]",second,TA
MOVRUSDT,2022-11-06-00:00,2022-11-07-00:00,"[0.3368055555555556, 0.1605902777777778, 0.125, 0.0798611111111111, 0.08246527777777778, 0.046875, 0.051215277777777776, 0.05381944444444445, 0.06336805555555555]",first,TA
MOVRUSDT,2022-11-06-00:00,2022-11-07-00:00,"[0.12586805555555555, 0.14149305555555555, 0.11371527777777778, 0.08854166666666667, 0.08246527777777778, 0.0954861111111111, 0.08246527777777778, 0.07552083333333333, 0.08333333333333333, 0.1111111111111111]",second,TA
MOVRUSDT,2022-11-07-00:00,2022-11-08-00:00,"[0.3320825515947467, 0.1801125703564728, 0.1294559099437148, 0.0900562851782364, 0.06848030018761726, 0.06285178236397748, 0.043151969981238276, 0.03470919324577861, 0.05909943714821764]",first,TA
MOVRUSDT,2022-11-07-00:00,2022-11-08-00:00,"[0.12101313320825516, 0.13133208255159476, 0.11538461538461539, 0.1022514071294559, 0.1050656660412758, 0.075046904315197, 0.06848030018761726, 0.07879924953095685, 0.07692307692307693, 0.12570356472795496]",second,TA
MOVRUSDT,2022-11-08-00:00,2022-11-09-00:00,"[0.33302583025830257, 0.17435424354243542, 0.10793357933579335, 0.08118081180811808, 0.08025830258302583, 0.05904059040590406, 0.046125461254612546, 0.043357933579335796, 0.07472324723247233]",first,TA
MOVRUSDT,2022-11-08-00:00,2022-11-09-00:00,"[0.14852398523985239, 0.12730627306273062, 0.08948339483394833, 0.1033210332103321, 0.08856088560885608, 0.08671586715867159, 0.08025830258302583, 0.07841328413284133, 0.07103321033210332, 0.12638376383763839]",second,TA
MOVRUSDT,2022-11-09-00:00,2022-11-10-00:00,"[0.3215656178050652, 0.15963161933998465, 0.12970069071373752, 0.08672294704528012, 0.07597851112816577, 0.0713737528779739, 0.04681504221028396, 0.05448963929393707, 0.05372217958557176]",first,TA
MOVRUSDT,2022-11-09-00:00,2022-11-10-00:00,"[0.1289332310053722, 0.11204911742133537, 0.10821181887950883, 0.09363008442056792, 0.09900230237912509, 0.09132770529547199, 0.07597851112816577, 0.08365310821181889, 0.08211818879508825, 0.12509593246354567]",second,TA
MOVRUSDT,2022-11-10-00:00,2022-11-11-00:00,"[0.31846153846153846, 0.1646153846153846, 0.11846153846153847, 0.10230769230769231, 0.07615384615384616, 0.06230769230769231, 0.054615384615384614, 0.052307692307692305, 0.05076923076923077]",first,TA
MOVRUSDT,2022-11-10-00:00,2022-11-11-00:00,"[0.12461538461538461, 0.1076923076923077, 0.1, 0.1123076923076923, 0.09769230769230769, 0.09846153846153846, 0.09076923076923077, 0.09692307692307692, 0.08307692307692308, 0.08846153846153847]",second,TA
MOVRUSDT,2022-11-11-00:00,2022-11-12-00:00,"[0.3225516621743037, 0.19137466307277629, 0.1096136567834681, 0.0889487870619946, 0.0637915543575921, 0.053009883198562445, 0.0664869721473495, 0.04672057502246182, 0.05750224618149147]",first,TA
MOVRUSDT,2022-11-11-00:00,2022-11-12-00:00,"[0.13387241689128482, 0.09973045822102426, 0.1096136567834681, 0.09883198562443846, 0.10332434860736747, 0.10242587601078167, 0.0862533692722372, 0.0880503144654088, 0.07906558849955077, 0.09883198562443846]",second,TA
MOVRUSDT,2022-11-12-00:00,2022-11-13-00:00,"[0.3478682170542636, 0.16666666666666666, 0.12403100775193798, 0.08333333333333333, 0.060077519379844964, 0.05135658914728682, 0.05232558139534884, 0.046511627906976744, 0.06782945736434108]",first,TA
MOVRUSDT,2022-11-12-00:00,2022-11-13-00:00,"[0.15503875968992248, 0.10562015503875968, 0.09689922480620156, 0.07945736434108527, 0.10852713178294573, 0.08527131782945736, 0.0687984496124031, 0.0755813953488372, 0.08139534883720931, 0.1434108527131783]",second,TA
MOVRUSDT,2022-11-13-00:00,2022-11-14-00:00,"[0.36525172754195456, 0.16288252714708787, 0.10562685093780849, 0.08489634748272458, 0.05824284304047384, 0.08292201382033564, 0.04244817374136229, 0.044422507403751234, 0.05330700888450148]",first,TA
MOVRUSDT,2022-11-13-00:00,2022-11-14-00:00,"[0.15597235932872655, 0.10562685093780849, 0.0769990128331688, 0.08588351431391905, 0.10365251727541955, 0.08884501480750247, 0.08292201382033564, 0.08884501480750247, 0.0700888450148075, 0.14116485686080948]",second,TA
MOVRUSDT,2022-11-14-00:00,2022-11-15-00:00,"[0.3926940639269406, 0.1324200913242009, 0.1461187214611872, 0.07397260273972603, 0.06118721461187215, 0.052054794520547946, 0.045662100456621, 0.05114155251141553, 0.04474885844748858]",first,TA
MOVRUSDT,2022-11-14-00:00,2022-11-15-00:00,"[0.1324200913242009, 0.108675799086758, 0.08858447488584476, 0.09680365296803653, 0.09497716894977169, 0.09863013698630137, 0.08767123287671233, 0.0821917808219178, 0.1095890410958904, 0.1004566210045662]",second,TA
MOVRUSDT,2022-11-15-00:00,2022-11-16-00:00,"[0.4190371991247265, 0.14551422319474835, 0.09846827133479212, 0.07549234135667396, 0.06783369803063458, 0.0525164113785558, 0.047045951859956234, 0.0437636761487965, 0.05032822757111598]",first,TA
MOVRUSDT,2022-11-15-00:00,2022-11-16-00:00,"[0.1323851203501094, 0.09518599562363239, 0.09409190371991247, 0.09518599562363239, 0.09846827133479212, 0.08643326039387308, 0.08424507658643327, 0.07768052516411379, 0.10722100656455143, 0.12910284463894967]",second,TA
MOVRUSDT,2022-11-16-00:00,2022-11-17-00:00,"[0.3706992230854606, 0.18201997780244172, 0.11542730299667037, 0.08324084350721421, 0.06770255271920089, 0.04661487236403995, 0.04661487236403995, 0.03662597114317425, 0.051054384017758046]",first,TA
MOVRUSDT,2022-11-16-00:00,2022-11-17-00:00,"[0.11653718091009989, 0.11320754716981132, 0.09100998890122086, 0.06881243063263041, 0.09544950055493896, 0.08657047724750278, 0.09655937846836848, 0.08879023307436182, 0.10987791342952276, 0.13318534961154274]",second,TA
MOVRUSDT,2022-11-17-00:00,2022-11-18-00:00,"[0.38618925831202044, 0.149616368286445, 0.10997442455242967, 0.08184143222506395, 0.07161125319693094, 0.05115089514066496, 0.049872122762148335, 0.043478260869565216, 0.056265984654731455]",first,TA
MOVRUSDT,2022-11-17-00:00,2022-11-18-00:00,"[0.12276214833759591, 0.10741687979539642, 0.07544757033248081, 0.11253196930946291, 0.08567774936061381, 0.09335038363171355, 0.0959079283887468, 0.08056265984654731, 0.09974424552429667, 0.1265984654731458]",second,TA
MOVRUSDT,2022-11-18-00:00,2022-11-19-00:00,"[0.41225626740947074, 0.149025069637883, 0.10584958217270195, 0.09192200557103064, 0.055710306406685235, 0.04178272980501393, 0.052924791086350974, 0.06128133704735376, 0.02924791086350975]",first,TA
MOVRUSDT,2022-11-18-00:00,2022-11-19-00:00,"[0.13370473537604458, 0.0947075208913649, 0.0766016713091922, 0.07799442896935933, 0.11838440111420613, 0.07799442896935933, 0.12674094707520892, 0.07938718662952646, 0.09331476323119778, 0.12116991643454039]",second,TA
MOVRUSDT,2022-11-19-00:00,2022-11-20-00:00,"[0.4074074074074074, 0.15343915343915343, 0.10846560846560846, 0.07671957671957672, 0.0701058201058201, 0.046296296296296294, 0.041005291005291, 0.042328042328042326, 0.05423280423280423]",first,TA
MOVRUSDT,2022-11-19-00:00,2022-11-20-00:00,"[0.1388888888888889, 0.10317460317460317, 0.09259259259259259, 0.09259259259259259, 0.09391534391534391, 0.09391534391534391, 0.07936507936507936, 0.09656084656084656, 0.09391534391534391, 0.11507936507936507]",second,TA
MOVRUSDT,2022-11-20-00:00,2022-11-21-00:00,"[0.36382536382536385, 0.15696465696465697, 0.12785862785862787, 0.057172557172557176, 0.07484407484407485, 0.061330561330561334, 0.0498960498960499, 0.0395010395010395, 0.06860706860706861]",first,TA
MOVRUSDT,2022-11-20-00:00,2022-11-21-00:00,"[0.1288981288981289, 0.09147609147609148, 0.0893970893970894, 0.10706860706860707, 0.10187110187110188, 0.10810810810810811, 0.08835758835758836, 0.08835758835758836, 0.09147609147609148, 0.104989604989605]",second,TA
MOVRUSDT,2022-11-21-00:00,2022-11-22-00:00,"[0.4027339642481598, 0.18506834910620398, 0.0946372239747634, 0.0683491062039958, 0.060988433228180865, 0.056782334384858045, 0.04206098843322818, 0.03680336487907466, 0.052576235541535225]",first,TA
MOVRUSDT,2022-11-21-00:00,2022-11-22-00:00,"[0.15036803364879076, 0.10094637223974763, 0.11041009463722397, 0.09884332281808622, 0.0946372239747634, 0.09989484752891693, 0.08412197686645637, 0.06729758149316509, 0.07045215562565721, 0.12302839116719243]",second,TA
MOVRUSDT,2022-11-22-00:00,2022-11-23-00:00,"[0.39282428702851885, 0.17939282428702852, 0.11959521619135234, 0.07267709291628335, 0.05519779208831647, 0.045998160073597055, 0.04139834406623735, 0.035878564857405704, 0.05703771849126035]",first,TA
MOVRUSDT,2022-11-22-00:00,2022-11-23-00:00,"[0.1297148114075437, 0.11683532658693652, 0.10303587856485741, 0.09935602575896964, 0.08831646734130635, 0.11039558417663294, 0.08739650413983441, 0.08739650413983441, 0.08003679852805888, 0.09751609935602576]",second,TA
MOVRUSDT,2022-11-23-00:00,2022-11-24-00:00,"[0.3664278403275333, 0.19754350051177072, 0.10644831115660185, 0.0767656090071648, 0.07062436028659161, 0.05834186284544524, 0.03582395087001024, 0.0368474923234391, 0.0511770726714432]",first,TA
MOVRUSDT,2022-11-23-00:00,2022-11-24-00:00,"[0.13203684749232344, 0.10542476970317298, 0.10644831115660185, 0.09007164790174002, 0.11975435005117707, 0.08700102354145343, 0.09416581371545547, 0.1023541453428864, 0.07062436028659161, 0.09211873080859775]",second,TA
MOVRUSDT,2022-11-24-00:00,2022-11-25-00:00,"[0.37697993664202745, 0.1795142555438226, 0.10559662090813093, 0.08658922914466737, 0.06546990496304118, 0.0559662090813094, 0.042238648363252376, 0.0454065469904963, 0.042238648363252376]",first,TA
MOVRUSDT,2022-11-24-00:00,2022-11-25-00:00,"[0.13833157338965152, 0.1119324181626188, 0.09714889123548047, 0.1119324181626188, 0.09820485744456177, 0.08870116156282999, 0.10137275607180571, 0.0897571277719113, 0.06863780359028511, 0.09398099260823653]",second,TA
MOVRUSDT,2022-11-25-00:00,2022-11-26-00:00,"[0.3817527010804322, 0.1524609843937575, 0.12244897959183673, 0.08283313325330131, 0.061224489795918366, 0.04201680672268908, 0.04561824729891957, 0.03361344537815126, 0.07803121248499399]",first,TA
MOVRUSDT,2022-11-25-00:00,2022-11-26-00:00,"[0.1332533013205282, 0.1056422569027611, 0.08883553421368548, 0.08043217286914765, 0.07322929171668667, 0.09483793517406963, 0.1056422569027611, 0.10684273709483794, 0.08043217286914765, 0.13085234093637454]",second,TA
MOVRUSDT,2022-11-26-00:00,2022-11-27-00:00,"[0.40197287299630086, 0.17139334155363747, 0.1159062885326757, 0.07644882860665844, 0.04932182490752158, 0.04562268803945746, 0.04808877928483354, 0.036991368680641186, 0.05425400739827373]",first,TA
MOVRUSDT,2022-11-26-00:00,2022-11-27-00:00,"[0.16152897657213316, 0.10110974106041924, 0.09741060419235512, 0.09001233045622688, 0.10110974106041924, 0.093711467324291, 0.07274969173859433, 0.07151664611590629, 0.06781750924784218, 0.14303329223181258]",second,TA
MOVRUSDT,2022-11-27-00:00,2022-11-28-00:00,"[0.3820116054158607, 0.18181818181818182, 0.09381044487427466, 0.08220502901353965, 0.0551257253384913, 0.047388781431334626, 0.045454545454545456, 0.05705996131528046, 0.0551257253384913]",first,TA
MOVRUSDT,2022-11-27-00:00,2022-11-28-00:00,"[0.16247582205029013, 0.11411992263056092, 0.08027079303675048, 0.09187620889748549, 0.09864603481624758, 0.09090909090909091, 0.09864603481624758, 0.08123791102514506, 0.06673114119922631, 0.11508704061895551]",second,TA
MOVRUSDT,2022-11-28-00:00,2022-11-29-00:00,"[0.39630390143737165, 0.16119096509240247, 0.11498973305954825, 0.0811088295687885, 0.06365503080082136, 0.052361396303901436, 0.03696098562628337, 0.045174537987679675, 0.048254620123203286]",first,TA
MOVRUSDT,2022-11-28-00:00,2022-11-29-00:00,"[0.14784394250513347, 0.1026694045174538, 0.09137577002053388, 0.08726899383983573, 0.10472279260780287, 0.09650924024640657, 0.07700205338809035, 0.07392197125256673, 0.08418891170431211, 0.13449691991786447]",second,TA
MOVRUSDT,2022-11-29-00:00,2022-11-30-00:00,"[0.3454913880445795, 0.1762917933130699, 0.12563323201621074, 0.10131712259371833, 0.06990881458966565, 0.05369807497467072, 0.0486322188449848, 0.03850050658561297, 0.040526849037487336]",first,TA
MOVRUSDT,2022-11-29-00:00,2022-11-30-00:00,"[0.19148936170212766, 0.10131712259371833, 0.08308004052684904, 0.10131712259371833, 0.09422492401215805, 0.09929078014184398, 0.07396149949341439, 0.06585612968591692, 0.07598784194528875, 0.11347517730496454]",second,TA
MOVRUSDT,2022-11-30-00:00,2022-12-01-00:00,"[0.36847946725860153, 0.1997780244173141, 0.09988901220865705, 0.08213096559378469, 0.06881243063263041, 0.04328523862375139, 0.04661487236403995, 0.05660377358490566, 0.03440621531631521]",first,TA
MOVRUSDT,2022-11-30-00:00,2022-12-01-00:00,"[0.1853496115427303, 0.09655937846836848, 0.09211986681465038, 0.08324084350721421, 0.10099889012208657, 0.08102108768035517, 0.07214206437291898, 0.06548279689234185, 0.06215316315205328, 0.1609322974472808]",second,TA
MOVRUSDT,2022-12-01-00:00,2022-12-02-00:00,"[0.31195079086115995, 0.18541300527240773, 0.09929701230228472, 0.10456942003514938, 0.07908611599297012, 0.06942003514938488, 0.048330404217926184, 0.05184534270650264, 0.05008787346221441]",first,TA
MOVRUSDT,2022-12-01-00:00,2022-12-02-00:00,"[0.1195079086115993, 0.10456942003514938, 0.1063268892794376, 0.10017574692442882, 0.1054481546572935, 0.10896309314586995, 0.1054481546572935, 0.0852372583479789, 0.07820738137082602, 0.08611599297012303]",second,TA
MOVRUSDT,2022-12-02-00:00,2022-12-03-00:00,"[0.368801652892562, 0.20454545454545456, 0.09297520661157024, 0.08367768595041322, 0.07024793388429752, 0.06508264462809918, 0.03305785123966942, 0.047520661157024795, 0.03409090909090909]",first,TA
MOVRUSDT,2022-12-02-00:00,2022-12-03-00:00,"[0.1487603305785124, 0.11466942148760331, 0.1115702479338843, 0.08884297520661157, 0.11570247933884298, 0.08677685950413223, 0.09194214876033058, 0.07334710743801653, 0.08264462809917356, 0.08574380165289257]",second,TA
MOVRUSDT,2022-12-03-00:00,2022-12-04-00:00,"[0.34018499486125386, 0.18396711202466598, 0.12024665981500514, 0.10483042137718397, 0.0698869475847893, 0.050359712230215826, 0.03905447070914697, 0.045220966084275435, 0.046248715313463515]",first,TA
MOVRUSDT,2022-12-03-00:00,2022-12-04-00:00,"[0.15210688591983557, 0.10688591983556012, 0.12435765673175746, 0.09558067831449127, 0.10380267214799589, 0.09249743062692703, 0.05549845837615622, 0.08530318602261049, 0.08221993833504625, 0.10174717368961973]",second,TA
MOVRUSDT,2022-12-04-00:00,2022-12-05-00:00,"[0.3652173913043478, 0.20993788819875778, 0.08819875776397515, 0.09937888198757763, 0.05714285714285714, 0.0546583850931677, 0.037267080745341616, 0.0422360248447205, 0.04596273291925466]",first,TA
MOVRUSDT,2022-12-04-00:00,2022-12-05-00:00,"[0.17142857142857143, 0.08819875776397515, 0.11180124223602485, 0.07701863354037267, 0.1093167701863354, 0.084472049689441, 0.08074534161490683, 0.08571428571428572, 0.084472049689441, 0.10683229813664596]",second,TA
MOVRUSDT,2022-12-05-00:00,2022-12-06-00:00,"[0.3607800650054171, 0.18634886240520043, 0.10617551462621885, 0.09100758396533044, 0.06392199349945829, 0.050920910075839654, 0.04875406283856988, 0.04983748645720477, 0.04225352112676056]",first,TA
MOVRUSDT,2022-12-05-00:00,2022-12-06-00:00,"[0.14626218851570963, 0.10184182015167931, 0.10509209100758396, 0.10617551462621885, 0.09859154929577464, 0.09534127843986999, 0.0790899241603467, 0.06933911159263272, 0.09209100758396534, 0.10617551462621885]",second,TA
MOVRUSDT,2022-12-06-00:00,2022-12-07-00:00,"[0.3306808134394341, 0.1724137931034483, 0.11582670203359859, 0.10610079575596817, 0.06896551724137931, 0.0618921308576481, 0.04951370468611848, 0.04597701149425287, 0.04862953138815208]",first,TA
MOVRUSDT,2022-12-06-00:00,2022-12-07-00:00,"[0.13262599469496023, 0.09195402298850575, 0.09902740937223696, 0.11052166224580018, 0.09549071618037135, 0.10610079575596817, 0.09195402298850575, 0.07780725022104333, 0.07427055702917772, 0.12024756852343059]",second,TA
MOVRUSDT,2022-12-07-00:00,2022-12-08-00:00,"[0.2994974874371859, 0.23316582914572864, 0.10452261306532663, 0.10653266331658291, 0.05628140703517588, 0.05628140703517588, 0.04623115577889447, 0.04321608040201005, 0.054271356783919596]",first,TA
MOVRUSDT,2022-12-07-00:00,2022-12-08-00:00,"[0.22613065326633167, 0.10150753768844221, 0.08442211055276382, 0.06633165829145729, 0.0814070351758794, 0.06432160804020101, 0.08241206030150754, 0.062311557788944726, 0.06733668341708543, 0.16381909547738693]",second,TA
MOVRUSDT,2022-12-08-00:00,2022-12-09-00:00,"[0.3289855072463768, 0.15942028985507245, 0.1318840579710145, 0.1, 0.07101449275362319, 0.059420289855072465, 0.04782608695652174, 0.04927536231884058, 0.05217391304347826]",first,TA
MOVRUSDT,2022-12-08-00:00,2022-12-09-00:00,"[0.1782608695652174, 0.10869565217391304, 0.07971014492753623, 0.07391304347826087, 0.07246376811594203, 0.08985507246376812, 0.09420289855072464, 0.08405797101449275, 0.07391304347826087, 0.14492753623188406]",second,TA
MOVRUSDT,2022-12-09-00:00,2022-12-10-00:00,"[0.38078703703703703, 0.16666666666666666, 0.1261574074074074, 0.0763888888888889, 0.059027777777777776, 0.052083333333333336, 0.04861111111111111, 0.04050925925925926, 0.04976851851851852]",first,TA
MOVRUSDT,2022-12-09-00:00,2022-12-10-00:00,"[0.1597222222222222, 0.09490740740740741, 0.09027777777777778, 0.10185185185185185, 0.09143518518518519, 0.09259259259259259, 0.07407407407407407, 0.06365740740740741, 0.08449074074074074, 0.14699074074074073]",second,TA
MOVRUSDT,2022-12-10-00:00,2022-12-11-00:00,"[0.36427566807313644, 0.1729957805907173, 0.12939521800281295, 0.07876230661040788, 0.07454289732770746, 0.052039381153305204, 0.03234880450070324, 0.052039381153305204, 0.04360056258790436]",first,TA
MOVRUSDT,2022-12-10-00:00,2022-12-11-00:00,"[0.1729957805907173, 0.11673699015471167, 0.07876230661040788, 0.08438818565400844, 0.09985935302390998, 0.07735583684950774, 0.08860759493670886, 0.08157524613220815, 0.090014064697609, 0.10970464135021098]",second,TA
MOVRUSDT,2022-12-11-00:00,2022-12-12-00:00,"[0.3481675392670157, 0.19895287958115182, 0.10340314136125654, 0.11125654450261781, 0.07853403141361257, 0.04450261780104712, 0.034031413612565446, 0.028795811518324606, 0.05235602094240838]",first,TA
MOVRUSDT,2022-12-11-00:00,2022-12-12-00:00,"[0.15968586387434555, 0.11125654450261781, 0.0968586387434555, 0.0824607329842932, 0.08638743455497382, 0.08900523560209424, 0.10471204188481675, 0.09031413612565445, 0.06413612565445026, 0.11518324607329843]",second,TA
MOVRUSDT,2022-12-12-00:00,2022-12-13-00:00,"[0.3391959798994975, 0.18592964824120603, 0.10427135678391959, 0.0992462311557789, 0.059045226130653265, 0.05402010050251256, 0.04396984924623116, 0.05025125628140704, 0.06407035175879397]",first,TA
MOVRUSDT,2022-12-12-00:00,2022-12-13-00:00,"[0.20477386934673367, 0.10301507537688442, 0.08165829145728644, 0.08165829145728644, 0.0678391959798995, 0.06658291457286432, 0.08165829145728644, 0.07035175879396985, 0.08417085427135679, 0.15829145728643215]",second,TA
MOVRUSDT,2022-12-13-00:00,2022-12-14-00:00,"[0.5599022004889975, 0.1263243683781581, 0.07497962510187449, 0.045639771801140996, 0.03830480847595762, 0.034229828850855744, 0.061124694376528114, 0.029339853300733496, 0.03015484922575387]",first,TA
MOVRUSDT,2022-12-13-00:00,2022-12-14-00:00,"[0.06927465362673187, 0.306438467807661, 0.08964955175224124, 0.09372453137734311, 0.06356968215158924, 0.08557457212713937, 0.07008964955175224, 0.045639771801140996, 0.05786471067644662, 0.11817440912795436]",second,TA
MOVRUSDT,2022-12-14-00:00,2022-12-15-00:00,"[0.6122307157748437, 0.11118832522585129, 0.05142460041695622, 0.03335649756775538, 0.0236275191104934, 0.02501737317581654, 0.018763029881862403, 0.103544127866574, 0.020847810979847115]",first,TA
MOVRUSDT,2022-12-14-00:00,2022-12-15-00:00,"[0.10910354412786658, 0.0945100764419736, 0.41834607366226545, 0.07713690062543432, 0.0729673384294649, 0.06254343293954134, 0.05072967338429465, 0.05211952744961779, 0.034051424600416956, 0.02849200833912439]",second,TA
MOVRUSDT,2022-12-15-00:00,2022-12-16-00:00,"[0.5669673837612769, 0.11034004163775156, 0.06037473976405274, 0.0388619014573213, 0.030534351145038167, 0.018736988202637056, 0.06800832755031229, 0.07009021512838307, 0.03608605135322693]",first,TA
MOVRUSDT,2022-12-15-00:00,2022-12-16-00:00,"[0.10131852879944483, 0.24496877168632894, 0.2102706453851492, 0.07425399028452463, 0.05829285218598196, 0.0659264399722415, 0.05065926439972242, 0.05690492713393477, 0.05690492713393477, 0.08049965301873699]",second,TA
MOVRUSDT,2022-12-16-00:00,2022-12-17-00:00,"[0.43248730964467, 0.17258883248730963, 0.09340101522842639, 0.05989847715736041, 0.047715736040609136, 0.04263959390862944, 0.05583756345177665, 0.047715736040609136, 0.047715736040609136]",first,TA
MOVRUSDT,2022-12-16-00:00,2022-12-17-00:00,"[0.14923857868020304, 0.12385786802030457, 0.14517766497461929, 0.09746192893401015, 0.07715736040609138, 0.09035532994923857, 0.07106598984771574, 0.06598984771573604, 0.07411167512690356, 0.10558375634517767]",second,TA
MOVRUSDT,2022-12-17-00:00,2022-12-18-00:00,"[0.3465783664459161, 0.17549668874172186, 0.09823399558498896, 0.0739514348785872, 0.08388520971302428, 0.06622516556291391, 0.05408388520971302, 0.04856512141280353, 0.052980132450331126]",first,TA
MOVRUSDT,2022-12-17-00:00,2022-12-18-00:00,"[0.141280353200883, 0.10044150110375276, 0.11368653421633554, 0.11037527593818984, 0.09823399558498896, 0.08498896247240618, 0.08940397350993377, 0.076158940397351, 0.08167770419426049, 0.10375275938189846]",second,TA
MOVRUSDT,2022-12-18-00:00,2022-12-19-00:00,"[0.3943472409152086, 0.14131897711978467, 0.14535666218034993, 0.07806191117092867, 0.052489905787348586, 0.04979811574697174, 0.04172274562584118, 0.04441453566621804, 0.052489905787348586]",first,TA
MOVRUSDT,2022-12-18-00:00,2022-12-19-00:00,"[0.15074024226110364, 0.09286675639300135, 0.08209959623149395, 0.08882907133243607, 0.09690444145356662, 0.09421265141318977, 0.10363391655450875, 0.11036339165545088, 0.08075370121130551, 0.09959623149394348]",second,TA
MOVRUSDT,2022-12-19-00:00,2022-12-20-00:00,"[0.38301282051282054, 0.15384615384615385, 0.10897435897435898, 0.09294871794871795, 0.08333333333333333, 0.05608974358974359, 0.041666666666666664, 0.030448717948717948, 0.049679487179487176]",first,TA
MOVRUSDT,2022-12-19-00:00,2022-12-20-00:00,"[0.1233974358974359, 0.09134615384615384, 0.08493589743589744, 0.1201923076923077, 0.12179487179487179, 0.10576923076923077, 0.09134615384615384, 0.08333333333333333, 0.08173076923076923, 0.09615384615384616]",second,TA
MOVRUSDT,2022-12-20-00:00,2022-12-21-00:00,"[0.3871473354231975, 0.13166144200626959, 0.08307210031347963, 0.10815047021943573, 0.0768025078369906, 0.08463949843260188, 0.045454545454545456, 0.034482758620689655, 0.048589341692789965]",first,TA
MOVRUSDT,2022-12-20-00:00,2022-12-21-00:00,"[0.14576802507836992, 0.09717868338557993, 0.08307210031347963, 0.13322884012539185, 0.08934169278996865, 0.08150470219435736, 0.10188087774294671, 0.0877742946708464, 0.06896551724137931, 0.11128526645768025]",second,TA
MOVRUSDT,2022-12-21-00:00,2022-12-22-00:00,"[0.42320261437908496, 0.1454248366013072, 0.1111111111111111, 0.08006535947712418, 0.06372549019607843, 0.06045751633986928, 0.04084967320261438, 0.03104575163398693, 0.04411764705882353]",first,TA
MOVRUSDT,2022-12-21-00:00,2022-12-22-00:00,"[0.13725490196078433, 0.08823529411764706, 0.09640522875816994, 0.09803921568627451, 0.09313725490196079, 0.12418300653594772, 0.12091503267973856, 0.07026143790849673, 0.06699346405228758, 0.10457516339869281]",second,TA
MOVRUSDT,2022-12-22-00:00,2022-12-23-00:00,"[0.4237588652482269, 0.1595744680851064, 0.11524822695035461, 0.09929078014184398, 0.05319148936170213, 0.047872340425531915, 0.028368794326241134, 0.028368794326241134, 0.044326241134751775]",first,TA
MOVRUSDT,2022-12-22-00:00,2022-12-23-00:00,"[0.12411347517730496, 0.0797872340425532, 0.09219858156028368, 0.08333333333333333, 0.07801418439716312, 0.11524822695035461, 0.11879432624113476, 0.09929078014184398, 0.07092198581560284, 0.13829787234042554]",second,TA
MOVRUSDT,2022-12-23-00:00,2022-12-24-00:00,"[0.4165029469548134, 0.15324165029469547, 0.09037328094302555, 0.06286836935166994, 0.05697445972495088, 0.06679764243614932, 0.06286836935166994, 0.03143418467583497, 0.05893909626719057]",first,TA
MOVRUSDT,2022-12-23-00:00,2022-12-24-00:00,"[0.10216110019646366, 0.06286836935166994, 0.1100196463654224, 0.08644400785854617, 0.0962671905697446, 0.12573673870333987, 0.12180746561886051, 0.0825147347740668, 0.07072691552062868, 0.14145383104125736]",second,TA
MOVRUSDT,2022-12-24-00:00,2022-12-25-00:00,"[0.459958932238193, 0.1293634496919918, 0.09240246406570841, 0.06570841889117043, 0.057494866529774126, 0.059548254620123205, 0.03285420944558522, 0.045174537987679675, 0.057494866529774126]",first,TA
MOVRUSDT,2022-12-24-00:00,2022-12-25-00:00,"[0.14989733059548255, 0.08008213552361396, 0.10677618069815195, 0.08213552361396304, 0.09650924024640657, 0.11293634496919917, 0.12320328542094455, 0.07392197125256673, 0.053388090349075976, 0.12114989733059549]",second,TA
MOVRUSDT,2022-12-25-00:00,2022-12-26-00:00,"[0.3683127572016461, 0.17901234567901234, 0.11316872427983539, 0.09259259259259259, 0.06172839506172839, 0.053497942386831275, 0.043209876543209874, 0.050411522633744855, 0.03806584362139918]",first,TA
MOVRUSDT,2022-12-25-00:00,2022-12-26-00:00,"[0.1183127572016461, 0.11008230452674897, 0.1111111111111111, 0.10596707818930041, 0.08950617283950617, 0.10493827160493827, 0.10185185185185185, 0.08539094650205761, 0.06584362139917696, 0.10699588477366255]",second,TA
MOVRUSDT,2022-12-26-00:00,2022-12-27-00:00,"[0.36217303822937624, 0.17404426559356137, 0.11569416498993963, 0.09859154929577464, 0.0744466800804829, 0.04426559356136821, 0.04527162977867203, 0.04024144869215292, 0.04527162977867203]",first,TA
MOVRUSDT,2022-12-26-00:00,2022-12-27-00:00,"[0.11468812877263582, 0.10261569416498995, 0.1056338028169014, 0.0875251509054326, 0.09859154929577464, 0.1006036217303823, 0.10865191146881288, 0.096579476861167, 0.09154929577464789, 0.09356136820925554]",second,TA
MOVRUSDT,2022-12-27-00:00,2022-12-28-00:00,"[0.39477503628447025, 0.14368650217706821, 0.13352685050798258, 0.08708272859216255, 0.0783744557329463, 0.05224963715529753, 0.03773584905660377, 0.027576197387518143, 0.04499274310595065]",first,TA
MOVRUSDT,2022-12-27-00:00,2022-12-28-00:00,"[0.14078374455732948, 0.09433962264150944, 0.0783744557329463, 0.10304789550072568, 0.08563134978229318, 0.0899854862119013, 0.11465892597968069, 0.13497822931785197, 0.06966618287373004, 0.08853410740203194]",second,TA
MOVRUSDT,2022-12-28-00:00,2022-12-29-00:00,"[0.44624447717231225, 0.13107511045655376, 0.13402061855670103, 0.054491899852724596, 0.0662739322533137, 0.05154639175257732, 0.048600883652430045, 0.036818851251840944, 0.030927835051546393]",first,TA
MOVRUSDT,2022-12-28-00:00,2022-12-29-00:00,"[0.1134020618556701, 0.09278350515463918, 0.07069219440353461, 0.08100147275405008, 0.10309278350515463, 0.12076583210603829, 0.12960235640648013, 0.11782032400589101, 0.06480117820324006, 0.10603829160530191]",second,TA
MOVRUSDT,2022-12-29-00:00,2022-12-30-00:00,"[0.3954983922829582, 0.16559485530546625, 0.11093247588424437, 0.08681672025723473, 0.06591639871382636, 0.06109324758842444, 0.03054662379421222, 0.03376205787781351, 0.04983922829581994]",first,TA
MOVRUSDT,2022-12-29-00:00,2022-12-30-00:00,"[0.15594855305466238, 0.08360128617363344, 0.08360128617363344, 0.13183279742765272, 0.09003215434083602, 0.12057877813504823, 0.11093247588424437, 0.06752411575562701, 0.05627009646302251, 0.09967845659163987]",second,TA
MOVRUSDT,2022-12-30-00:00,2022-12-31-00:00,"[0.3928980526918671, 0.1672394043528064, 0.12485681557846506, 0.07789232531500573, 0.053837342497136315, 0.056128293241695305, 0.049255441008018326, 0.030927835051546393, 0.046964490263459335]",first,TA
MOVRUSDT,2022-12-30-00:00,2022-12-31-00:00,"[0.12829324169530354, 0.10423825887743414, 0.09392898052691867, 0.09392898052691867, 0.10309278350515463, 0.10423825887743414, 0.11225658648339061, 0.06987399770904926, 0.07101947308132875, 0.11912943871706758]",second,TA
MOVRUSDT,2022-12-31-00:00,2023-01-01-00:00,"[0.411144578313253, 0.16566265060240964, 0.11295180722891567, 0.05421686746987952, 0.06927710843373494, 0.07078313253012049, 0.03614457831325301, 0.030120481927710843, 0.04969879518072289]",first,TA
MOVRUSDT,2022-12-31-00:00,2023-01-01-00:00,"[0.14156626506024098, 0.09939759036144578, 0.11746987951807229, 0.09789156626506024, 0.10843373493975904, 0.13253012048192772, 0.07680722891566265, 0.06927710843373494, 0.08283132530120482, 0.07379518072289157]",second,TA
