symbol,start_date,end_date,actual_frequencies,digit_type,target
KRW-SOL,2023-01-01-00:00,2022-12-31-00:00,"[0.2985714285714286, 0.18428571428571427, 0.16142857142857142, 0.09214285714285714, 0.06642857142857143, 0.047142857142857146, 0.05785714285714286, 0.054285714285714284, 0.03785714285714286]",first,TA
KRW-SOL,2023-01-01-00:00,2022-12-31-00:00,"[0.12142857142857143, 0.12, 0.11, 0.10357142857142858, 0.10071428571428571, 0.10071428571428571, 0.09928571428571428, 0.08142857142857143, 0.08214285714285714, 0.08071428571428571]",second,TA
KRW-SOL,2022-12-31-00:00,2022-12-30-00:00,"[0.289375, 0.175625, 0.1425, 0.09625, 0.08875, 0.064375, 0.05875, 0.04875, 0.035625]",first,TA
KRW-SOL,2022-12-31-00:00,2022-12-30-00:00,"[0.12625, 0.119375, 0.104375, 0.096875, 0.11375, 0.09875, 0.084375, 0.08375, 0.095625, 0.076875]",second,TA
KRW-SOL,2022-12-30-00:00,2022-12-29-00:00,"[0.30875, 0.198125, 0.115625, 0.10625, 0.0825, 0.056875, 0.04375, 0.049375, 0.03875]",first,TA
KRW-SOL,2022-12-30-00:00,2022-12-29-00:00,"[0.12625, 0.125625, 0.11625, 0.09875, 0.1075, 0.089375, 0.075, 0.089375, 0.08875, 0.083125]",second,TA
KRW-SOL,2022-12-29-00:00,2022-12-28-00:00,"[0.30875, 0.189375, 0.13, 0.09375, 0.079375, 0.0575, 0.054375, 0.05, 0.036875]",first,TA
KRW-SOL,2022-12-29-00:00,2022-12-28-00:00,"[0.1225, 0.105, 0.1225, 0.10125, 0.11, 0.086875, 0.088125, 0.095, 0.079375, 0.089375]",second,TA
KRW-SOL,2022-12-28-00:00,2022-12-27-00:00,"[0.3007142857142857, 0.15857142857142856, 0.12, 0.095, 0.08928571428571429, 0.07357142857142857, 0.05357142857142857, 0.052142857142857144, 0.05714285714285714]",first,TA
KRW-SOL,2022-12-28-00:00,2022-12-27-00:00,"[0.115, 0.12714285714285714, 0.11, 0.09642857142857143, 0.10071428571428571, 0.08357142857142857, 0.09142857142857143, 0.09785714285714285, 0.08428571428571428, 0.09357142857142857]",second,TA
KRW-SOL,2022-12-27-00:00,2022-12-26-00:00,"[0.3078571428571429, 0.18285714285714286, 0.11857142857142858, 0.09214285714285714, 0.08142857142857143, 0.05928571428571429, 0.06285714285714286, 0.04928571428571429, 0.045714285714285714]",first,TA
KRW-SOL,2022-12-27-00:00,2022-12-26-00:00,"[0.14142857142857143, 0.11357142857142857, 0.105, 0.09142857142857143, 0.095, 0.08142857142857143, 0.08142857142857143, 0.09928571428571428, 0.09071428571428572, 0.10071428571428571]",second,TA
KRW-SOL,2022-12-26-00:00,2022-12-25-00:00,"[0.315, 0.18071428571428572, 0.12, 0.08785714285714286, 0.09142857142857143, 0.056428571428571425, 0.06285714285714286, 0.04285714285714286, 0.04285714285714286]",first,TA
KRW-SOL,2022-12-26-00:00,2022-12-25-00:00,"[0.14785714285714285, 0.11071428571428571, 0.11071428571428571, 0.11428571428571428, 0.08642857142857142, 0.09214285714285714, 0.07928571428571428, 0.085, 0.06928571428571428, 0.10428571428571429]",second,TA
KRW-SOL,2022-12-25-00:00,2022-12-24-00:00,"[0.33285714285714285, 0.14642857142857144, 0.13142857142857142, 0.09857142857142857, 0.08, 0.075, 0.04857142857142857, 0.047857142857142855, 0.039285714285714285]",first,TA
KRW-SOL,2022-12-25-00:00,2022-12-24-00:00,"[0.12714285714285714, 0.115, 0.10357142857142858, 0.09, 0.09857142857142857, 0.10357142857142858, 0.085, 0.09642857142857143, 0.08357142857142857, 0.09714285714285714]",second,TA
KRW-SOL,2022-12-24-00:00,2022-12-23-00:00,"[0.33, 0.15928571428571428, 0.12285714285714286, 0.085, 0.07357142857142857, 0.07285714285714286, 0.05785714285714286, 0.04357142857142857, 0.055]",first,TA
KRW-SOL,2022-12-24-00:00,2022-12-23-00:00,"[0.135, 0.10714285714285714, 0.11214285714285714, 0.10357142857142858, 0.09714285714285714, 0.09, 0.09142857142857143, 0.085, 0.07428571428571429, 0.10428571428571429]",second,TA
KRW-SOL,2022-12-23-00:00,2022-12-22-00:00,"[0.31142857142857144, 0.17214285714285715, 0.11642857142857142, 0.09571428571428571, 0.08642857142857142, 0.05785714285714286, 0.065, 0.047142857142857146, 0.047857142857142855]",first,TA
KRW-SOL,2022-12-23-00:00,2022-12-22-00:00,"[0.135, 0.09928571428571428, 0.10857142857142857, 0.11285714285714285, 0.09571428571428571, 0.10214285714285715, 0.08714285714285715, 0.08142857142857143, 0.08714285714285715, 0.09071428571428572]",second,TA
KRW-SOL,2022-12-22-00:00,2022-12-21-00:00,"[0.30428571428571427, 0.18142857142857144, 0.135, 0.07571428571428572, 0.06714285714285714, 0.065, 0.06642857142857143, 0.05357142857142857, 0.05142857142857143]",first,TA
KRW-SOL,2022-12-22-00:00,2022-12-21-00:00,"[0.13, 0.10857142857142857, 0.105, 0.10142857142857142, 0.09571428571428571, 0.08285714285714285, 0.08285714285714285, 0.10357142857142858, 0.08857142857142856, 0.10142857142857142]",second,TA
KRW-SOL,2022-12-21-00:00,2022-12-20-00:00,"[0.3157142857142857, 0.18714285714285714, 0.11142857142857143, 0.09857142857142857, 0.07928571428571428, 0.06428571428571428, 0.060714285714285714, 0.039285714285714285, 0.04357142857142857]",first,TA
KRW-SOL,2022-12-21-00:00,2022-12-20-00:00,"[0.11857142857142858, 0.10642857142857143, 0.10285714285714286, 0.11428571428571428, 0.08714285714285715, 0.08428571428571428, 0.11071428571428571, 0.095, 0.09285714285714286, 0.08785714285714286]",second,TA
KRW-SOL,2022-12-20-00:00,2022-12-19-00:00,"[0.31, 0.155, 0.12285714285714286, 0.095, 0.09142857142857143, 0.07285714285714286, 0.06428571428571428, 0.04214285714285714, 0.04642857142857143]",first,TA
KRW-SOL,2022-12-20-00:00,2022-12-19-00:00,"[0.11714285714285715, 0.12357142857142857, 0.09785714285714285, 0.10357142857142858, 0.1, 0.085, 0.09214285714285714, 0.08714285714285715, 0.08785714285714286, 0.10571428571428572]",second,TA
KRW-SOL,2022-12-19-00:00,2022-12-18-00:00,"[0.30714285714285716, 0.16642857142857143, 0.12357142857142857, 0.09214285714285714, 0.09214285714285714, 0.05928571428571429, 0.05071428571428571, 0.052142857142857144, 0.056428571428571425]",first,TA
KRW-SOL,2022-12-19-00:00,2022-12-18-00:00,"[0.125, 0.12714285714285714, 0.11214285714285714, 0.11357142857142857, 0.09142857142857143, 0.075, 0.085, 0.09, 0.07928571428571428, 0.10142857142857142]",second,TA
KRW-SOL,2022-12-18-00:00,2022-12-17-00:00,"[0.3264285714285714, 0.1792857142857143, 0.12285714285714286, 0.08357142857142857, 0.08285714285714285, 0.07285714285714286, 0.04071428571428572, 0.04214285714285714, 0.04928571428571429]",first,TA
KRW-SOL,2022-12-18-00:00,2022-12-17-00:00,"[0.11714285714285715, 0.12642857142857142, 0.11571428571428571, 0.10071428571428571, 0.10428571428571429, 0.07785714285714286, 0.08571428571428572, 0.08428571428571428, 0.09357142857142857, 0.09428571428571429]",second,TA
KRW-SOL,2022-12-17-00:00,2022-12-16-00:00,"[0.31, 0.184375, 0.115, 0.094375, 0.069375, 0.078125, 0.0525, 0.049375, 0.046875]",first,TA
KRW-SOL,2022-12-17-00:00,2022-12-16-00:00,"[0.120625, 0.11625, 0.1125, 0.111875, 0.1, 0.11125, 0.083125, 0.096875, 0.069375, 0.078125]",second,TA
KRW-SOL,2022-12-16-00:00,2022-12-15-00:00,"[0.31357142857142856, 0.185, 0.12714285714285714, 0.09, 0.06928571428571428, 0.06785714285714285, 0.052142857142857144, 0.045714285714285714, 0.04928571428571429]",first,TA
KRW-SOL,2022-12-16-00:00,2022-12-15-00:00,"[0.11714285714285715, 0.11214285714285714, 0.10785714285714286, 0.11142857142857143, 0.09785714285714285, 0.10928571428571429, 0.085, 0.08785714285714286, 0.09142857142857143, 0.08]",second,TA
KRW-SOL,2022-12-15-00:00,2022-12-14-00:00,"[0.32125, 0.164375, 0.12375, 0.100625, 0.075, 0.07625, 0.0525, 0.04375, 0.0425]",first,TA
KRW-SOL,2022-12-15-00:00,2022-12-14-00:00,"[0.1275, 0.103125, 0.113125, 0.106875, 0.09625, 0.088125, 0.089375, 0.0925, 0.096875, 0.08625]",second,TA
KRW-SOL,2022-12-14-00:00,2022-12-13-00:00,"[0.32142857142857145, 0.165, 0.12214285714285714, 0.09571428571428571, 0.06428571428571428, 0.08142857142857143, 0.055, 0.05, 0.045]",first,TA
KRW-SOL,2022-12-14-00:00,2022-12-13-00:00,"[0.13285714285714287, 0.10571428571428572, 0.11571428571428571, 0.09142857142857143, 0.09928571428571428, 0.11214285714285714, 0.07714285714285714, 0.09, 0.09071428571428572, 0.085]",second,TA
KRW-SOL,2022-12-13-00:00,2022-12-12-00:00,"[0.3171428571428571, 0.17285714285714285, 0.11428571428571428, 0.08285714285714285, 0.08714285714285715, 0.062142857142857146, 0.045714285714285714, 0.05857142857142857, 0.05928571428571429]",first,TA
KRW-SOL,2022-12-13-00:00,2022-12-12-00:00,"[0.13428571428571429, 0.11642857142857142, 0.10142857142857142, 0.09714285714285714, 0.09428571428571429, 0.09214285714285714, 0.09642857142857143, 0.09428571428571429, 0.075, 0.09857142857142857]",second,TA
KRW-SOL,2022-12-12-00:00,2022-12-11-00:00,"[0.3157142857142857, 0.17642857142857143, 0.11285714285714285, 0.09928571428571428, 0.08642857142857142, 0.06857142857142857, 0.05, 0.039285714285714285, 0.05142857142857143]",first,TA
KRW-SOL,2022-12-12-00:00,2022-12-11-00:00,"[0.14, 0.11, 0.09928571428571428, 0.09071428571428572, 0.10285714285714286, 0.08857142857142856, 0.08714285714285715, 0.08714285714285715, 0.09071428571428572, 0.10357142857142858]",second,TA
KRW-SOL,2022-12-11-00:00,2022-12-10-00:00,"[0.29285714285714287, 0.18357142857142858, 0.11642857142857142, 0.1, 0.07214285714285715, 0.05928571428571429, 0.06142857142857143, 0.056428571428571425, 0.05785714285714286]",first,TA
KRW-SOL,2022-12-11-00:00,2022-12-10-00:00,"[0.12714285714285714, 0.11, 0.10785714285714286, 0.09428571428571429, 0.09285714285714286, 0.09928571428571428, 0.08285714285714285, 0.09214285714285714, 0.09357142857142857, 0.1]",second,TA
KRW-SOL,2022-12-10-00:00,2022-12-09-00:00,"[0.3157142857142857, 0.16857142857142857, 0.10642857142857143, 0.09642857142857143, 0.08428571428571428, 0.065, 0.06285714285714286, 0.04285714285714286, 0.05785714285714286]",first,TA
KRW-SOL,2022-12-10-00:00,2022-12-09-00:00,"[0.12571428571428572, 0.11571428571428571, 0.09428571428571429, 0.10214285714285715, 0.09714285714285714, 0.11357142857142857, 0.09142857142857143, 0.08285714285714285, 0.08428571428571428, 0.09285714285714286]",second,TA
KRW-SOL,2022-12-09-00:00,2022-12-08-00:00,"[0.2842857142857143, 0.17214285714285715, 0.12214285714285714, 0.09928571428571428, 0.08928571428571429, 0.065, 0.052142857142857144, 0.06285714285714286, 0.05285714285714286]",first,TA
KRW-SOL,2022-12-09-00:00,2022-12-08-00:00,"[0.13071428571428573, 0.11, 0.11285714285714285, 0.10071428571428571, 0.09785714285714285, 0.09071428571428572, 0.09714285714285714, 0.085, 0.09428571428571429, 0.08071428571428571]",second,TA
KRW-SOL,2022-12-08-00:00,2022-12-07-00:00,"[0.29428571428571426, 0.19285714285714287, 0.11642857142857142, 0.09571428571428571, 0.08428571428571428, 0.05928571428571429, 0.062142857142857146, 0.04357142857142857, 0.05142857142857143]",first,TA
KRW-SOL,2022-12-08-00:00,2022-12-07-00:00,"[0.10928571428571429, 0.11, 0.11, 0.105, 0.09714285714285714, 0.09428571428571429, 0.095, 0.09428571428571429, 0.1, 0.085]",second,TA
KRW-SOL,2022-12-07-00:00,2022-12-06-00:00,"[0.315, 0.17214285714285715, 0.11785714285714285, 0.09071428571428572, 0.08285714285714285, 0.060714285714285714, 0.07, 0.04285714285714286, 0.047857142857142855]",first,TA
KRW-SOL,2022-12-07-00:00,2022-12-06-00:00,"[0.13285714285714287, 0.09357142857142857, 0.10857142857142857, 0.09642857142857143, 0.09928571428571428, 0.08785714285714286, 0.095, 0.09357142857142857, 0.09785714285714285, 0.095]",second,TA
KRW-SOL,2022-12-06-00:00,2022-12-05-00:00,"[0.28875, 0.1825, 0.118125, 0.09875, 0.085625, 0.0725, 0.05375, 0.050625, 0.049375]",first,TA
KRW-SOL,2022-12-06-00:00,2022-12-05-00:00,"[0.12375, 0.10875, 0.12125, 0.081875, 0.099375, 0.094375, 0.09, 0.09, 0.0925, 0.098125]",second,TA
KRW-SOL,2022-12-05-00:00,2022-12-04-00:00,"[0.30214285714285716, 0.17214285714285715, 0.115, 0.09214285714285714, 0.09285714285714286, 0.06785714285714285, 0.05714285714285714, 0.045714285714285714, 0.055]",first,TA
KRW-SOL,2022-12-05-00:00,2022-12-04-00:00,"[0.13, 0.10928571428571429, 0.10857142857142857, 0.09071428571428572, 0.10642857142857143, 0.09428571428571429, 0.09357142857142857, 0.08857142857142856, 0.09928571428571428, 0.07928571428571428]",second,TA
KRW-SOL,2022-12-04-00:00,2022-12-03-00:00,"[0.3107142857142857, 0.17142857142857143, 0.10642857142857143, 0.09571428571428571, 0.07857142857142857, 0.07571428571428572, 0.06357142857142857, 0.04285714285714286, 0.055]",first,TA
KRW-SOL,2022-12-04-00:00,2022-12-03-00:00,"[0.12857142857142856, 0.10857142857142857, 0.10214285714285715, 0.105, 0.095, 0.09785714285714285, 0.09857142857142857, 0.085, 0.08357142857142857, 0.09571428571428571]",second,TA
KRW-SOL,2022-12-03-00:00,2022-12-02-00:00,"[0.3314285714285714, 0.17642857142857143, 0.10857142857142857, 0.09357142857142857, 0.08142857142857143, 0.06428571428571428, 0.05857142857142857, 0.04428571428571428, 0.041428571428571426]",first,TA
KRW-SOL,2022-12-03-00:00,2022-12-02-00:00,"[0.13142857142857142, 0.105, 0.11571428571428571, 0.11142857142857143, 0.1, 0.09714285714285714, 0.08285714285714285, 0.09071428571428572, 0.07857142857142857, 0.08714285714285715]",second,TA
KRW-SOL,2022-12-02-00:00,2022-12-01-00:00,"[0.30142857142857143, 0.1657142857142857, 0.12285714285714286, 0.11, 0.08214285714285714, 0.06, 0.062142857142857146, 0.047142857142857146, 0.04857142857142857]",first,TA
KRW-SOL,2022-12-02-00:00,2022-12-01-00:00,"[0.13357142857142856, 0.11642857142857142, 0.09714285714285714, 0.10857142857142857, 0.10642857142857143, 0.09, 0.07857142857142857, 0.08785714285714286, 0.08571428571428572, 0.09571428571428571]",second,TA
KRW-SOL,2022-12-01-00:00,2022-11-30-00:00,"[0.306875, 0.15625, 0.123125, 0.0975, 0.085625, 0.075, 0.054375, 0.0525, 0.04875]",first,TA
KRW-SOL,2022-12-01-00:00,2022-11-30-00:00,"[0.1225, 0.129375, 0.1125, 0.09875, 0.095625, 0.09125, 0.088125, 0.085, 0.08625, 0.090625]",second,TA
KRW-SOL,2022-11-30-00:00,2022-11-29-00:00,"[0.29428571428571426, 0.185, 0.12357142857142857, 0.08857142857142856, 0.09, 0.07214285714285715, 0.05285714285714286, 0.045, 0.04857142857142857]",first,TA
KRW-SOL,2022-11-30-00:00,2022-11-29-00:00,"[0.125, 0.10285714285714286, 0.11428571428571428, 0.11428571428571428, 0.095, 0.09714285714285714, 0.09928571428571428, 0.08214285714285714, 0.07928571428571428, 0.09071428571428572]",second,TA
KRW-SOL,2022-11-29-00:00,2022-11-28-00:00,"[0.2975, 0.17625, 0.123125, 0.10625, 0.068125, 0.068125, 0.06375, 0.04625, 0.050625]",first,TA
KRW-SOL,2022-11-29-00:00,2022-11-28-00:00,"[0.11875, 0.103125, 0.111875, 0.11375, 0.100625, 0.090625, 0.101875, 0.094375, 0.076875, 0.088125]",second,TA
KRW-SOL,2022-11-28-00:00,2022-11-27-00:00,"[0.3157142857142857, 0.18928571428571428, 0.11428571428571428, 0.08357142857142857, 0.06714285714285714, 0.07214285714285715, 0.04928571428571429, 0.05285714285714286, 0.055714285714285716]",first,TA
KRW-SOL,2022-11-28-00:00,2022-11-27-00:00,"[0.13357142857142856, 0.11714285714285715, 0.11857142857142858, 0.09214285714285714, 0.09642857142857143, 0.08642857142857142, 0.08785714285714286, 0.09285714285714286, 0.08857142857142856, 0.08642857142857142]",second,TA
KRW-SOL,2022-11-27-00:00,2022-11-26-00:00,"[0.276875, 0.214375, 0.12375, 0.080625, 0.075625, 0.06375, 0.065625, 0.051875, 0.0475]",first,TA
KRW-SOL,2022-11-27-00:00,2022-11-26-00:00,"[0.12625, 0.113125, 0.12625, 0.1175, 0.095625, 0.08875, 0.091875, 0.078125, 0.069375, 0.093125]",second,TA
KRW-SOL,2022-11-26-00:00,2022-11-25-00:00,"[0.30375, 0.185625, 0.1325, 0.105, 0.07125, 0.06625, 0.05125, 0.039375, 0.045]",first,TA
KRW-SOL,2022-11-26-00:00,2022-11-25-00:00,"[0.136875, 0.11375, 0.115, 0.09625, 0.106875, 0.10125, 0.09625, 0.080625, 0.075, 0.078125]",second,TA
KRW-SOL,2022-11-25-00:00,2022-11-24-00:00,"[0.285625, 0.161875, 0.13375, 0.098125, 0.091875, 0.071875, 0.060625, 0.04875, 0.0475]",first,TA
KRW-SOL,2022-11-25-00:00,2022-11-24-00:00,"[0.121875, 0.11625, 0.11875, 0.1025, 0.09625, 0.090625, 0.0975, 0.095625, 0.080625, 0.08]",second,TA
KRW-SOL,2022-11-24-00:00,2022-11-23-00:00,"[0.30375, 0.164375, 0.120625, 0.090625, 0.09125, 0.06875, 0.064375, 0.054375, 0.041875]",first,TA
KRW-SOL,2022-11-24-00:00,2022-11-23-00:00,"[0.12125, 0.12625, 0.1125, 0.103125, 0.086875, 0.0825, 0.0925, 0.105625, 0.088125, 0.08125]",second,TA
KRW-SOL,2022-11-23-00:00,2022-11-22-00:00,"[0.303125, 0.18125, 0.13375, 0.09375, 0.08, 0.054375, 0.0575, 0.050625, 0.045625]",first,TA
KRW-SOL,2022-11-23-00:00,2022-11-22-00:00,"[0.13, 0.1125, 0.116875, 0.100625, 0.103125, 0.084375, 0.084375, 0.088125, 0.085625, 0.094375]",second,TA
KRW-SOL,2022-11-22-00:00,2022-11-21-00:00,"[0.28, 0.18625, 0.134375, 0.11375, 0.08, 0.07125, 0.046875, 0.043125, 0.044375]",first,TA
KRW-SOL,2022-11-22-00:00,2022-11-21-00:00,"[0.116875, 0.111875, 0.0975, 0.110625, 0.105625, 0.085, 0.10875, 0.09625, 0.08875, 0.07875]",second,TA
KRW-SOL,2022-11-21-00:00,2022-11-20-00:00,"[0.28875, 0.193125, 0.141875, 0.09375, 0.076875, 0.07125, 0.0475, 0.046875, 0.04]",first,TA
KRW-SOL,2022-11-21-00:00,2022-11-20-00:00,"[0.115625, 0.11875, 0.100625, 0.104375, 0.08625, 0.10375, 0.091875, 0.101875, 0.09125, 0.085625]",second,TA
KRW-SOL,2022-11-20-00:00,2022-11-19-00:00,"[0.281875, 0.2, 0.14, 0.090625, 0.06375, 0.066875, 0.05625, 0.05125, 0.049375]",first,TA
KRW-SOL,2022-11-20-00:00,2022-11-19-00:00,"[0.12, 0.115625, 0.10625, 0.0975, 0.10375, 0.085625, 0.109375, 0.091875, 0.0775, 0.0925]",second,TA
KRW-SOL,2022-11-19-00:00,2022-11-18-00:00,"[0.283125, 0.21875, 0.143125, 0.1, 0.075, 0.056875, 0.04875, 0.035, 0.039375]",first,TA
KRW-SOL,2022-11-19-00:00,2022-11-18-00:00,"[0.115625, 0.103125, 0.0975, 0.10875, 0.1, 0.093125, 0.09875, 0.108125, 0.0875, 0.0875]",second,TA
KRW-SOL,2022-11-18-00:00,2022-11-17-00:00,"[0.300625, 0.1925, 0.143125, 0.090625, 0.074375, 0.059375, 0.06125, 0.0375, 0.040625]",first,TA
KRW-SOL,2022-11-18-00:00,2022-11-17-00:00,"[0.11375, 0.100625, 0.103125, 0.1, 0.115625, 0.111875, 0.095, 0.09125, 0.08125, 0.0875]",second,TA
KRW-SOL,2022-11-17-00:00,2022-11-16-00:00,"[0.283125, 0.184375, 0.145, 0.1, 0.084375, 0.0625, 0.0525, 0.049375, 0.03875]",first,TA
KRW-SOL,2022-11-17-00:00,2022-11-16-00:00,"[0.125625, 0.125, 0.10125, 0.0875, 0.1, 0.09375, 0.105625, 0.0825, 0.093125, 0.085625]",second,TA
KRW-SOL,2022-11-16-00:00,2022-11-15-00:00,"[0.293125, 0.14875, 0.131875, 0.1, 0.090625, 0.07375, 0.060625, 0.051875, 0.049375]",first,TA
KRW-SOL,2022-11-16-00:00,2022-11-15-00:00,"[0.1275, 0.111875, 0.106875, 0.1, 0.096875, 0.084375, 0.094375, 0.099375, 0.08625, 0.0925]",second,TA
KRW-SOL,2022-11-15-00:00,2022-11-14-00:00,"[0.296875, 0.1725, 0.115, 0.105625, 0.080625, 0.07125, 0.06125, 0.0525, 0.044375]",first,TA
KRW-SOL,2022-11-15-00:00,2022-11-14-00:00,"[0.121875, 0.108125, 0.11125, 0.10125, 0.101875, 0.109375, 0.094375, 0.083125, 0.08375, 0.085]",second,TA
KRW-SOL,2022-11-14-00:00,2022-11-13-00:00,"[0.319375, 0.171875, 0.109375, 0.086875, 0.07, 0.08, 0.069375, 0.0475, 0.045625]",first,TA
KRW-SOL,2022-11-14-00:00,2022-11-13-00:00,"[0.14125, 0.12125, 0.1025, 0.111875, 0.095625, 0.075625, 0.09375, 0.086875, 0.0825, 0.08875]",second,TA
KRW-SOL,2022-11-13-00:00,2022-11-12-00:00,"[0.34375, 0.164375, 0.095625, 0.08875, 0.074375, 0.0575, 0.07375, 0.053125, 0.04875]",first,TA
KRW-SOL,2022-11-13-00:00,2022-11-12-00:00,"[0.1225, 0.125, 0.11125, 0.11875, 0.09, 0.098125, 0.083125, 0.094375, 0.0725, 0.084375]",second,TA
KRW-SOL,2022-11-12-00:00,2022-11-11-00:00,"[0.29625, 0.18125, 0.135625, 0.091875, 0.08125, 0.063125, 0.061875, 0.049375, 0.039375]",first,TA
KRW-SOL,2022-11-12-00:00,2022-11-11-00:00,"[0.1175, 0.101875, 0.10625, 0.109375, 0.10375, 0.10875, 0.093125, 0.09125, 0.0975, 0.070625]",second,TA
KRW-SOL,2022-11-11-00:00,2022-11-10-00:00,"[0.259375, 0.1625, 0.13125, 0.12375, 0.09125, 0.0775, 0.06875, 0.049375, 0.03625]",first,TA
KRW-SOL,2022-11-11-00:00,2022-11-10-00:00,"[0.1425, 0.093125, 0.095, 0.11125, 0.093125, 0.095625, 0.0975, 0.085, 0.096875, 0.09]",second,TA
KRW-SOL,2022-11-10-00:00,2022-11-09-00:00,"[0.291875, 0.150625, 0.119375, 0.11375, 0.09, 0.07875, 0.059375, 0.059375, 0.036875]",first,TA
KRW-SOL,2022-11-10-00:00,2022-11-09-00:00,"[0.120625, 0.111875, 0.105, 0.108125, 0.096875, 0.108125, 0.08625, 0.093125, 0.08375, 0.08625]",second,TA
KRW-SOL,2022-11-09-00:00,2022-11-08-00:00,"[0.318125, 0.146875, 0.11875, 0.094375, 0.08, 0.063125, 0.061875, 0.065, 0.051875]",first,TA
KRW-SOL,2022-11-09-00:00,2022-11-08-00:00,"[0.1225, 0.120625, 0.1025, 0.1125, 0.113125, 0.088125, 0.0925, 0.085625, 0.083125, 0.079375]",second,TA
KRW-SOL,2022-11-08-00:00,2022-11-07-00:00,"[0.263125, 0.17375, 0.133125, 0.103125, 0.0875, 0.07125, 0.063125, 0.055625, 0.049375]",first,TA
KRW-SOL,2022-11-08-00:00,2022-11-07-00:00,"[0.115625, 0.100625, 0.115, 0.11, 0.095625, 0.095625, 0.091875, 0.1, 0.086875, 0.08875]",second,TA
KRW-SOL,2022-11-07-00:00,2022-11-06-00:00,"[0.27375, 0.1675, 0.12875, 0.10875, 0.099375, 0.066875, 0.059375, 0.051875, 0.04375]",first,TA
KRW-SOL,2022-11-07-00:00,2022-11-06-00:00,"[0.120625, 0.119375, 0.108125, 0.105625, 0.078125, 0.089375, 0.090625, 0.09625, 0.10125, 0.090625]",second,TA
KRW-SOL,2022-11-06-00:00,2022-11-05-00:00,"[0.301875, 0.166875, 0.12875, 0.101875, 0.083125, 0.07, 0.049375, 0.043125, 0.055]",first,TA
KRW-SOL,2022-11-06-00:00,2022-11-05-00:00,"[0.13125, 0.108125, 0.103125, 0.115, 0.090625, 0.100625, 0.081875, 0.088125, 0.095625, 0.085625]",second,TA
KRW-SOL,2022-11-05-00:00,2022-11-04-00:00,"[0.32375, 0.170625, 0.13375, 0.10125, 0.069375, 0.06, 0.045625, 0.0475, 0.048125]",first,TA
KRW-SOL,2022-11-05-00:00,2022-11-04-00:00,"[0.126875, 0.12, 0.10875, 0.103125, 0.10375, 0.094375, 0.078125, 0.081875, 0.0825, 0.100625]",second,TA
KRW-SOL,2022-11-04-00:00,2022-11-03-00:00,"[0.3157142857142857, 0.20785714285714285, 0.10928571428571429, 0.09857142857142857, 0.07, 0.055, 0.045, 0.052142857142857144, 0.04642857142857143]",first,TA
KRW-SOL,2022-11-04-00:00,2022-11-03-00:00,"[0.15357142857142858, 0.10285714285714286, 0.09214285714285714, 0.09928571428571428, 0.11, 0.09714285714285714, 0.09571428571428571, 0.07642857142857143, 0.08428571428571428, 0.08857142857142856]",second,TA
KRW-SOL,2022-11-03-00:00,2022-11-02-00:00,"[0.3057142857142857, 0.18142857142857144, 0.11785714285714285, 0.10142857142857142, 0.07214285714285715, 0.05142857142857143, 0.055, 0.05928571428571429, 0.055714285714285716]",first,TA
KRW-SOL,2022-11-03-00:00,2022-11-02-00:00,"[0.14, 0.11142857142857143, 0.08857142857142856, 0.10785714285714286, 0.09071428571428572, 0.09285714285714286, 0.085, 0.08857142857142856, 0.09642857142857143, 0.09857142857142857]",second,TA
KRW-SOL,2022-11-02-00:00,2022-11-01-00:00,"[0.2835714285714286, 0.1657142857142857, 0.11785714285714285, 0.10857142857142857, 0.08785714285714286, 0.07142857142857142, 0.05928571428571429, 0.03785714285714286, 0.06785714285714285]",first,TA
KRW-SOL,2022-11-02-00:00,2022-11-01-00:00,"[0.13642857142857143, 0.09785714285714285, 0.11071428571428571, 0.10785714285714286, 0.10428571428571429, 0.08928571428571429, 0.08857142857142856, 0.07642857142857143, 0.07142857142857142, 0.11714285714285715]",second,TA
KRW-SOL,2022-11-01-00:00,2022-10-31-00:00,"[0.31785714285714284, 0.15714285714285714, 0.11357142857142857, 0.10214285714285715, 0.08428571428571428, 0.06571428571428571, 0.055714285714285716, 0.05857142857142857, 0.045]",first,TA
KRW-SOL,2022-11-01-00:00,2022-10-31-00:00,"[0.11642857142857142, 0.11928571428571429, 0.09714285714285714, 0.10928571428571429, 0.10928571428571429, 0.09857142857142857, 0.08785714285714286, 0.09, 0.08071428571428571, 0.09142857142857143]",second,TA
KRW-SOL,2022-10-31-00:00,2022-10-30-00:00,"[0.2885714285714286, 0.18, 0.11142857142857143, 0.10571428571428572, 0.09428571428571429, 0.06571428571428571, 0.05357142857142857, 0.04285714285714286, 0.05785714285714286]",first,TA
KRW-SOL,2022-10-31-00:00,2022-10-30-00:00,"[0.11428571428571428, 0.10857142857142857, 0.1, 0.09642857142857143, 0.10428571428571429, 0.09785714285714285, 0.09071428571428572, 0.09142857142857143, 0.09357142857142857, 0.10285714285714286]",second,TA
KRW-SOL,2022-10-30-00:00,2022-10-29-00:00,"[0.3107142857142857, 0.19285714285714287, 0.11571428571428571, 0.09214285714285714, 0.06357142857142857, 0.07, 0.056428571428571425, 0.04642857142857143, 0.052142857142857144]",first,TA
KRW-SOL,2022-10-30-00:00,2022-10-29-00:00,"[0.13142857142857142, 0.12142857142857143, 0.12285714285714286, 0.09, 0.10428571428571429, 0.09214285714285714, 0.085, 0.08214285714285714, 0.08285714285714285, 0.08785714285714286]",second,TA
KRW-SOL,2022-10-29-00:00,2022-10-28-00:00,"[0.3171428571428571, 0.16285714285714287, 0.09857142857142857, 0.10142857142857142, 0.07642857142857143, 0.075, 0.06857142857142857, 0.04857142857142857, 0.05142857142857143]",first,TA
KRW-SOL,2022-10-29-00:00,2022-10-28-00:00,"[0.13142857142857142, 0.10357142857142858, 0.105, 0.10714285714285714, 0.09785714285714285, 0.09428571428571429, 0.08785714285714286, 0.08285714285714285, 0.085, 0.105]",second,TA
KRW-SOL,2022-10-28-00:00,2022-10-27-00:00,"[0.31214285714285717, 0.185, 0.11214285714285714, 0.09071428571428572, 0.07714285714285714, 0.07, 0.065, 0.04214285714285714, 0.045714285714285714]",first,TA
KRW-SOL,2022-10-28-00:00,2022-10-27-00:00,"[0.12571428571428572, 0.12142857142857143, 0.10785714285714286, 0.10642857142857143, 0.08785714285714286, 0.09214285714285714, 0.08571428571428572, 0.08428571428571428, 0.08214285714285714, 0.10642857142857143]",second,TA
KRW-SOL,2022-10-27-00:00,2022-10-26-00:00,"[0.29, 0.16642857142857143, 0.11857142857142858, 0.11, 0.095, 0.06928571428571428, 0.056428571428571425, 0.04428571428571428, 0.05]",first,TA
KRW-SOL,2022-10-27-00:00,2022-10-26-00:00,"[0.13285714285714287, 0.12357142857142857, 0.11285714285714285, 0.09571428571428571, 0.11, 0.09571428571428571, 0.08357142857142857, 0.075, 0.09, 0.08071428571428571]",second,TA
KRW-SOL,2022-10-26-00:00,2022-10-25-00:00,"[0.2864285714285714, 0.18928571428571428, 0.11142857142857143, 0.09571428571428571, 0.08714285714285715, 0.06357142857142857, 0.05714285714285714, 0.05285714285714286, 0.056428571428571425]",first,TA
KRW-SOL,2022-10-26-00:00,2022-10-25-00:00,"[0.12785714285714286, 0.11428571428571428, 0.1, 0.08928571428571429, 0.09642857142857143, 0.09785714285714285, 0.08285714285714285, 0.10214285714285715, 0.09857142857142857, 0.09071428571428572]",second,TA
KRW-SOL,2022-10-25-00:00,2022-10-24-00:00,"[0.2764285714285714, 0.17214285714285715, 0.12214285714285714, 0.10928571428571429, 0.08642857142857142, 0.05785714285714286, 0.06428571428571428, 0.056428571428571425, 0.055]",first,TA
KRW-SOL,2022-10-25-00:00,2022-10-24-00:00,"[0.13142857142857142, 0.11928571428571429, 0.09642857142857143, 0.10928571428571429, 0.10285714285714286, 0.08714285714285715, 0.08857142857142856, 0.08214285714285714, 0.07428571428571429, 0.10857142857142857]",second,TA
KRW-SOL,2022-10-24-00:00,2022-10-23-00:00,"[0.2785714285714286, 0.17714285714285713, 0.12357142857142857, 0.10142857142857142, 0.07571428571428572, 0.06785714285714285, 0.05785714285714286, 0.055, 0.06285714285714286]",first,TA
KRW-SOL,2022-10-24-00:00,2022-10-23-00:00,"[0.14642857142857144, 0.115, 0.10428571428571429, 0.09857142857142857, 0.09714285714285714, 0.09214285714285714, 0.08785714285714286, 0.08428571428571428, 0.07071428571428572, 0.10357142857142858]",second,TA
KRW-SOL,2022-10-23-00:00,2022-10-22-00:00,"[0.2857142857142857, 0.1742857142857143, 0.13214285714285715, 0.10928571428571429, 0.07928571428571428, 0.06928571428571428, 0.04642857142857143, 0.05142857142857143, 0.052142857142857144]",first,TA
KRW-SOL,2022-10-23-00:00,2022-10-22-00:00,"[0.16, 0.10714285714285714, 0.12285714285714286, 0.08214285714285714, 0.09071428571428572, 0.08, 0.08571428571428572, 0.08142857142857143, 0.07357142857142857, 0.11642857142857142]",second,TA
KRW-SOL,2022-10-22-00:00,2022-10-21-00:00,"[0.2985714285714286, 0.17214285714285715, 0.12071428571428572, 0.11214285714285714, 0.07, 0.06714285714285714, 0.05785714285714286, 0.04285714285714286, 0.05857142857142857]",first,TA
KRW-SOL,2022-10-22-00:00,2022-10-21-00:00,"[0.135, 0.10857142857142857, 0.12357142857142857, 0.09928571428571428, 0.09785714285714285, 0.08571428571428572, 0.09928571428571428, 0.08285714285714285, 0.07285714285714286, 0.095]",second,TA
KRW-SOL,2022-10-19-00:00,2022-10-18-00:00,"[0.30714285714285716, 0.17214285714285715, 0.11214285714285714, 0.09571428571428571, 0.08714285714285715, 0.06357142857142857, 0.055714285714285716, 0.05142857142857143, 0.055]",first,TA
KRW-SOL,2022-10-19-00:00,2022-10-18-00:00,"[0.135, 0.11214285714285714, 0.11, 0.10214285714285715, 0.11071428571428571, 0.08357142857142857, 0.08071428571428571, 0.09285714285714286, 0.06714285714285714, 0.10571428571428572]",second,TA
KRW-SOL,2022-10-18-00:00,2022-10-17-00:00,"[0.3092857142857143, 0.18642857142857142, 0.11357142857142857, 0.10142857142857142, 0.08, 0.062142857142857146, 0.05071428571428571, 0.055, 0.041428571428571426]",first,TA
KRW-SOL,2022-10-18-00:00,2022-10-17-00:00,"[0.14, 0.12428571428571429, 0.09857142857142857, 0.09285714285714286, 0.10142857142857142, 0.08857142857142856, 0.08428571428571428, 0.09285714285714286, 0.07928571428571428, 0.09785714285714285]",second,TA
KRW-SOL,2022-10-17-00:00,2022-10-16-00:00,"[0.31583333333333335, 0.16166666666666665, 0.11166666666666666, 0.09166666666666666, 0.08833333333333333, 0.065, 0.05, 0.05, 0.06583333333333333]",first,TA
KRW-SOL,2022-10-17-00:00,2022-10-16-00:00,"[0.14833333333333334, 0.09833333333333333, 0.11916666666666667, 0.09, 0.09416666666666666, 0.08916666666666667, 0.09166666666666666, 0.07416666666666667, 0.06666666666666667, 0.12833333333333333]",second,TA
KRW-SOL,2022-10-16-00:00,2022-10-15-00:00,"[0.275, 0.18333333333333332, 0.12166666666666667, 0.10666666666666667, 0.09, 0.06583333333333333, 0.05416666666666667, 0.04666666666666667, 0.056666666666666664]",first,TA
KRW-SOL,2022-10-16-00:00,2022-10-15-00:00,"[0.12333333333333334, 0.105, 0.1125, 0.115, 0.10166666666666667, 0.09166666666666666, 0.085, 0.07, 0.0775, 0.11833333333333333]",second,TA
KRW-SOL,2022-10-15-00:00,2022-10-14-00:00,"[0.3192857142857143, 0.1657142857142857, 0.12571428571428572, 0.08857142857142856, 0.08071428571428571, 0.06357142857142857, 0.054285714285714284, 0.04285714285714286, 0.05928571428571429]",first,TA
KRW-SOL,2022-10-15-00:00,2022-10-14-00:00,"[0.12357142857142857, 0.11642857142857142, 0.10428571428571429, 0.09214285714285714, 0.10642857142857143, 0.08928571428571429, 0.09571428571428571, 0.08714285714285715, 0.07642857142857143, 0.10857142857142857]",second,TA
KRW-SOL,2022-10-14-00:00,2022-10-13-00:00,"[0.285625, 0.16375, 0.131875, 0.09375, 0.09, 0.073125, 0.056875, 0.045, 0.06]",first,TA
KRW-SOL,2022-10-14-00:00,2022-10-13-00:00,"[0.138125, 0.10125, 0.090625, 0.09875, 0.106875, 0.09, 0.091875, 0.0925, 0.076875, 0.113125]",second,TA
KRW-SOL,2022-10-13-00:00,2022-10-12-00:00,"[0.2985714285714286, 0.1657142857142857, 0.11214285714285714, 0.10571428571428572, 0.07571428571428572, 0.06857142857142857, 0.055, 0.05285714285714286, 0.06571428571428571]",first,TA
KRW-SOL,2022-10-13-00:00,2022-10-12-00:00,"[0.13714285714285715, 0.09857142857142857, 0.09714285714285714, 0.09928571428571428, 0.10357142857142858, 0.07714285714285714, 0.08642857142857142, 0.07857142857142857, 0.095, 0.12714285714285714]",second,TA
KRW-SOL,2022-10-12-00:00,2022-10-11-00:00,"[0.31, 0.15785714285714286, 0.10857142857142857, 0.10357142857142858, 0.09928571428571428, 0.06642857142857143, 0.04928571428571429, 0.05357142857142857, 0.05142857142857143]",first,TA
KRW-SOL,2022-10-12-00:00,2022-10-11-00:00,"[0.12428571428571429, 0.12214285714285714, 0.09357142857142857, 0.1, 0.10571428571428572, 0.09928571428571428, 0.09642857142857143, 0.08214285714285714, 0.08, 0.09642857142857143]",second,TA
KRW-SOL,2022-10-11-00:00,2022-10-10-00:00,"[0.31142857142857144, 0.13714285714285715, 0.11142857142857143, 0.10857142857142857, 0.10642857142857143, 0.06714285714285714, 0.05071428571428571, 0.04642857142857143, 0.060714285714285714]",first,TA
KRW-SOL,2022-10-11-00:00,2022-10-10-00:00,"[0.1457142857142857, 0.11071428571428571, 0.08928571428571429, 0.10928571428571429, 0.09857142857142857, 0.09357142857142857, 0.10071428571428571, 0.08571428571428572, 0.06714285714285714, 0.09928571428571428]",second,TA
KRW-SOL,2022-10-10-00:00,2022-10-09-00:00,"[0.27714285714285714, 0.19142857142857142, 0.11142857142857143, 0.11285714285714285, 0.10285714285714286, 0.054285714285714284, 0.05357142857142857, 0.041428571428571426, 0.055]",first,TA
KRW-SOL,2022-10-10-00:00,2022-10-09-00:00,"[0.14285714285714285, 0.09714285714285714, 0.09071428571428572, 0.10357142857142858, 0.09571428571428571, 0.08714285714285715, 0.09214285714285714, 0.07928571428571428, 0.08357142857142857, 0.12785714285714286]",second,TA
KRW-SOL,2022-10-09-00:00,2022-10-08-00:00,"[0.315, 0.17583333333333334, 0.09833333333333333, 0.1, 0.09666666666666666, 0.07333333333333333, 0.04583333333333333, 0.035, 0.06]",first,TA
KRW-SOL,2022-10-09-00:00,2022-10-08-00:00,"[0.14416666666666667, 0.11, 0.09333333333333334, 0.10583333333333333, 0.09833333333333333, 0.10583333333333333, 0.07833333333333334, 0.07, 0.09, 0.10416666666666667]",second,TA
KRW-SOL,2022-10-08-00:00,2022-10-07-00:00,"[0.29714285714285715, 0.16285714285714287, 0.12428571428571429, 0.09571428571428571, 0.08, 0.06, 0.056428571428571425, 0.05928571428571429, 0.06428571428571428]",first,TA
KRW-SOL,2022-10-08-00:00,2022-10-07-00:00,"[0.14214285714285715, 0.10857142857142857, 0.10428571428571429, 0.10571428571428572, 0.10785714285714286, 0.08357142857142857, 0.08928571428571429, 0.08214285714285714, 0.07714285714285714, 0.09928571428571428]",second,TA
KRW-SOL,2022-10-07-00:00,2022-10-06-00:00,"[0.29642857142857143, 0.19, 0.11285714285714285, 0.08714285714285715, 0.08428571428571428, 0.06428571428571428, 0.06142857142857143, 0.047857142857142855, 0.055714285714285716]",first,TA
KRW-SOL,2022-10-07-00:00,2022-10-06-00:00,"[0.1442857142857143, 0.10785714285714286, 0.10571428571428572, 0.09, 0.10285714285714286, 0.09714285714285714, 0.075, 0.07214285714285715, 0.08857142857142856, 0.11642857142857142]",second,TA
KRW-SOL,2022-10-06-00:00,2022-10-05-00:00,"[0.31285714285714283, 0.17642857142857143, 0.115, 0.09714285714285714, 0.07571428571428572, 0.065, 0.054285714285714284, 0.04285714285714286, 0.060714285714285714]",first,TA
KRW-SOL,2022-10-06-00:00,2022-10-05-00:00,"[0.12285714285714286, 0.11785714285714285, 0.115, 0.10142857142857142, 0.10357142857142858, 0.09214285714285714, 0.08928571428571429, 0.07928571428571428, 0.07642857142857143, 0.10214285714285715]",second,TA
KRW-SOL,2022-10-05-00:00,2022-10-04-00:00,"[0.2935714285714286, 0.17714285714285713, 0.11142857142857143, 0.09857142857142857, 0.08214285714285714, 0.075, 0.056428571428571425, 0.056428571428571425, 0.04928571428571429]",first,TA
KRW-SOL,2022-10-05-00:00,2022-10-04-00:00,"[0.12357142857142857, 0.10357142857142858, 0.11, 0.11142857142857143, 0.10357142857142858, 0.09642857142857143, 0.07642857142857143, 0.09714285714285714, 0.08357142857142857, 0.09428571428571429]",second,TA
KRW-SOL,2022-10-04-00:00,2022-10-03-00:00,"[0.3107142857142857, 0.16714285714285715, 0.11714285714285715, 0.10357142857142858, 0.08285714285714285, 0.06857142857142857, 0.05, 0.045714285714285714, 0.054285714285714284]",first,TA
KRW-SOL,2022-10-04-00:00,2022-10-03-00:00,"[0.13285714285714287, 0.11214285714285714, 0.10071428571428571, 0.11142857142857143, 0.115, 0.08214285714285714, 0.08642857142857142, 0.09142857142857143, 0.07928571428571428, 0.08857142857142856]",second,TA
KRW-SOL,2022-10-03-00:00,2022-10-02-00:00,"[0.28214285714285714, 0.1657142857142857, 0.11714285714285715, 0.10571428571428572, 0.08785714285714286, 0.075, 0.055714285714285716, 0.04357142857142857, 0.06714285714285714]",first,TA
KRW-SOL,2022-10-03-00:00,2022-10-02-00:00,"[0.12642857142857142, 0.11214285714285714, 0.105, 0.09142857142857143, 0.09357142857142857, 0.09428571428571429, 0.085, 0.09285714285714286, 0.08357142857142857, 0.11571428571428571]",second,TA
KRW-SOL,2022-10-02-00:00,2022-10-01-00:00,"[0.31785714285714284, 0.17142857142857143, 0.11285714285714285, 0.10571428571428572, 0.07714285714285714, 0.06642857142857143, 0.045, 0.045, 0.05857142857142857]",first,TA
KRW-SOL,2022-10-02-00:00,2022-10-01-00:00,"[0.13357142857142856, 0.135, 0.095, 0.08071428571428571, 0.09928571428571428, 0.08714285714285715, 0.08642857142857142, 0.09214285714285714, 0.08285714285714285, 0.10785714285714286]",second,TA
KRW-SOL,2022-10-01-00:00,2022-09-30-00:00,"[0.32071428571428573, 0.18642857142857142, 0.10642857142857143, 0.095, 0.07714285714285714, 0.05928571428571429, 0.060714285714285714, 0.05, 0.04428571428571428]",first,TA
KRW-SOL,2022-10-01-00:00,2022-09-30-00:00,"[0.12071428571428572, 0.12714285714285714, 0.1, 0.10357142857142858, 0.10714285714285714, 0.09428571428571429, 0.08642857142857142, 0.08642857142857142, 0.09428571428571429, 0.08]",second,TA
KRW-SOL,2022-09-30-00:00,2022-09-29-00:00,"[0.295, 0.1925, 0.121875, 0.090625, 0.07625, 0.06625, 0.0575, 0.054375, 0.045625]",first,TA
KRW-SOL,2022-09-30-00:00,2022-09-29-00:00,"[0.10125, 0.113125, 0.104375, 0.106875, 0.09875, 0.106875, 0.100625, 0.09875, 0.07625, 0.093125]",second,TA
KRW-SOL,2022-09-29-00:00,2022-09-28-00:00,"[0.331875, 0.17, 0.12875, 0.089375, 0.068125, 0.065625, 0.049375, 0.049375, 0.0475]",first,TA
KRW-SOL,2022-09-29-00:00,2022-09-28-00:00,"[0.126875, 0.10875, 0.1075, 0.085, 0.10375, 0.105625, 0.09, 0.093125, 0.08, 0.099375]",second,TA
KRW-SOL,2022-09-28-00:00,2022-09-27-00:00,"[0.30625, 0.190625, 0.126875, 0.09375, 0.083125, 0.05875, 0.0525, 0.0475, 0.040625]",first,TA
KRW-SOL,2022-09-28-00:00,2022-09-27-00:00,"[0.13375, 0.10125, 0.13, 0.10125, 0.0975, 0.09875, 0.08375, 0.0825, 0.085, 0.08625]",second,TA
KRW-SOL,2022-09-27-00:00,2022-09-26-00:00,"[0.30142857142857143, 0.1707142857142857, 0.13357142857142856, 0.10142857142857142, 0.07928571428571428, 0.06285714285714286, 0.056428571428571425, 0.052142857142857144, 0.04214285714285714]",first,TA
KRW-SOL,2022-09-27-00:00,2022-09-26-00:00,"[0.11928571428571429, 0.11785714285714285, 0.11142857142857143, 0.09857142857142857, 0.1, 0.10785714285714286, 0.08428571428571428, 0.08857142857142856, 0.08071428571428571, 0.09142857142857143]",second,TA
KRW-SOL,2022-09-26-00:00,2022-09-25-00:00,"[0.34714285714285714, 0.16357142857142856, 0.11571428571428571, 0.08928571428571429, 0.07571428571428572, 0.06, 0.04928571428571429, 0.054285714285714284, 0.045]",first,TA
KRW-SOL,2022-09-26-00:00,2022-09-25-00:00,"[0.11428571428571428, 0.09357142857142857, 0.10642857142857143, 0.09571428571428571, 0.10785714285714286, 0.11642857142857142, 0.07928571428571428, 0.08142857142857143, 0.09, 0.115]",second,TA
KRW-SOL,2022-09-25-00:00,2022-09-24-00:00,"[0.3057142857142857, 0.175, 0.1442857142857143, 0.09, 0.08214285714285714, 0.05857142857142857, 0.05357142857142857, 0.05071428571428571, 0.04]",first,TA
KRW-SOL,2022-09-25-00:00,2022-09-24-00:00,"[0.11214285714285714, 0.10214285714285715, 0.09357142857142857, 0.09357142857142857, 0.10214285714285715, 0.10928571428571429, 0.09571428571428571, 0.09714285714285714, 0.08785714285714286, 0.10642857142857143]",second,TA
KRW-SOL,2022-09-24-00:00,2022-09-23-00:00,"[0.28625, 0.179375, 0.13, 0.099375, 0.09625, 0.060625, 0.060625, 0.043125, 0.044375]",first,TA
KRW-SOL,2022-09-24-00:00,2022-09-23-00:00,"[0.12, 0.1175, 0.115, 0.09625, 0.095625, 0.105625, 0.088125, 0.083125, 0.0875, 0.09125]",second,TA
KRW-SOL,2022-09-23-00:00,2022-09-22-00:00,"[0.309375, 0.184375, 0.13375, 0.08875, 0.079375, 0.05875, 0.056875, 0.044375, 0.044375]",first,TA
KRW-SOL,2022-09-23-00:00,2022-09-22-00:00,"[0.1175, 0.11625, 0.1025, 0.104375, 0.0925, 0.090625, 0.105, 0.0825, 0.08, 0.10875]",second,TA
KRW-SOL,2022-09-22-00:00,2022-09-21-00:00,"[0.31875, 0.186875, 0.119375, 0.0925, 0.0775, 0.05875, 0.04875, 0.063125, 0.034375]",first,TA
KRW-SOL,2022-09-22-00:00,2022-09-21-00:00,"[0.126875, 0.1175, 0.12, 0.10375, 0.0875, 0.0825, 0.093125, 0.08125, 0.08375, 0.10375]",second,TA
KRW-SOL,2022-09-21-00:00,2022-09-20-00:00,"[0.30357142857142855, 0.19071428571428573, 0.11857142857142858, 0.09642857142857143, 0.06642857142857143, 0.065, 0.06428571428571428, 0.047142857142857146, 0.047857142857142855]",first,TA
KRW-SOL,2022-09-21-00:00,2022-09-20-00:00,"[0.11428571428571428, 0.1407142857142857, 0.10642857142857143, 0.09785714285714285, 0.10428571428571429, 0.07785714285714286, 0.08642857142857142, 0.085, 0.08428571428571428, 0.10285714285714286]",second,TA
KRW-SOL,2022-09-20-00:00,2022-09-19-00:00,"[0.2975, 0.189375, 0.130625, 0.0875, 0.0775, 0.06625, 0.06, 0.040625, 0.050625]",first,TA
KRW-SOL,2022-09-20-00:00,2022-09-19-00:00,"[0.1375, 0.108125, 0.098125, 0.094375, 0.105, 0.105, 0.095, 0.0875, 0.080625, 0.08875]",second,TA
KRW-SOL,2022-09-19-00:00,2022-09-18-00:00,"[0.3092857142857143, 0.18214285714285713, 0.12357142857142857, 0.095, 0.07857142857142857, 0.05285714285714286, 0.04928571428571429, 0.04642857142857143, 0.06285714285714286]",first,TA
KRW-SOL,2022-09-19-00:00,2022-09-18-00:00,"[0.11428571428571428, 0.11285714285714285, 0.10928571428571429, 0.09714285714285714, 0.09428571428571429, 0.09785714285714285, 0.10071428571428571, 0.09285714285714286, 0.07928571428571428, 0.10142857142857142]",second,TA
KRW-SOL,2022-09-18-00:00,2022-09-17-00:00,"[0.3057142857142857, 0.18428571428571427, 0.12214285714285714, 0.08857142857142856, 0.09642857142857143, 0.062142857142857146, 0.054285714285714284, 0.04428571428571428, 0.04214285714285714]",first,TA
KRW-SOL,2022-09-18-00:00,2022-09-17-00:00,"[0.12642857142857142, 0.11714285714285715, 0.10928571428571429, 0.09357142857142857, 0.10214285714285715, 0.08785714285714286, 0.08928571428571429, 0.08285714285714285, 0.08428571428571428, 0.10714285714285714]",second,TA
KRW-SOL,2022-09-17-00:00,2022-09-16-00:00,"[0.3142857142857143, 0.17785714285714285, 0.12928571428571428, 0.09, 0.06785714285714285, 0.05857142857142857, 0.05714285714285714, 0.05, 0.055]",first,TA
KRW-SOL,2022-09-17-00:00,2022-09-16-00:00,"[0.13285714285714287, 0.12, 0.11428571428571428, 0.11571428571428571, 0.09357142857142857, 0.08357142857142857, 0.08, 0.08642857142857142, 0.08428571428571428, 0.08928571428571429]",second,TA
KRW-SOL,2022-09-16-00:00,2022-09-15-00:00,"[0.305625, 0.1675, 0.126875, 0.109375, 0.084375, 0.0625, 0.0475, 0.049375, 0.046875]",first,TA
KRW-SOL,2022-09-16-00:00,2022-09-15-00:00,"[0.1325, 0.115625, 0.09875, 0.101875, 0.095, 0.09875, 0.103125, 0.079375, 0.089375, 0.085625]",second,TA
KRW-SOL,2022-09-15-00:00,2022-09-14-00:00,"[0.280625, 0.195, 0.130625, 0.106875, 0.0825, 0.063125, 0.048125, 0.04625, 0.046875]",first,TA
KRW-SOL,2022-09-15-00:00,2022-09-14-00:00,"[0.12125, 0.104375, 0.1175, 0.094375, 0.1075, 0.101875, 0.084375, 0.098125, 0.08125, 0.089375]",second,TA
KRW-SOL,2022-09-14-00:00,2022-09-13-00:00,"[0.310625, 0.18125, 0.11375, 0.09125, 0.069375, 0.07125, 0.05875, 0.056875, 0.046875]",first,TA
KRW-SOL,2022-09-14-00:00,2022-09-13-00:00,"[0.116875, 0.1075, 0.106875, 0.113125, 0.096875, 0.10875, 0.084375, 0.085, 0.0875, 0.093125]",second,TA
KRW-SOL,2022-09-13-00:00,2022-09-12-00:00,"[0.3025, 0.175, 0.131875, 0.09625, 0.085, 0.06125, 0.053125, 0.0475, 0.0475]",first,TA
KRW-SOL,2022-09-13-00:00,2022-09-12-00:00,"[0.128125, 0.12125, 0.1, 0.085, 0.105625, 0.0975, 0.1, 0.086875, 0.089375, 0.08625]",second,TA
KRW-SOL,2022-09-12-00:00,2022-09-11-00:00,"[0.33, 0.18214285714285713, 0.10071428571428571, 0.09642857142857143, 0.095, 0.06142857142857143, 0.047142857142857146, 0.04357142857142857, 0.04357142857142857]",first,TA
KRW-SOL,2022-09-12-00:00,2022-09-11-00:00,"[0.13642857142857143, 0.10928571428571429, 0.105, 0.095, 0.07857142857142857, 0.10357142857142858, 0.09571428571428571, 0.09714285714285714, 0.08785714285714286, 0.09142857142857143]",second,TA
KRW-SOL,2022-09-11-00:00,2022-09-10-00:00,"[0.30357142857142855, 0.18285714285714286, 0.12214285714285714, 0.09071428571428572, 0.09357142857142857, 0.05714285714285714, 0.06357142857142857, 0.047142857142857146, 0.039285714285714285]",first,TA
KRW-SOL,2022-09-11-00:00,2022-09-10-00:00,"[0.12857142857142856, 0.135, 0.11, 0.105, 0.09928571428571428, 0.08285714285714285, 0.07428571428571429, 0.09071428571428572, 0.08285714285714285, 0.09142857142857143]",second,TA
KRW-SOL,2022-09-10-00:00,2022-09-09-00:00,"[0.3225, 0.165625, 0.113125, 0.09375, 0.085, 0.063125, 0.051875, 0.0575, 0.0475]",first,TA
KRW-SOL,2022-09-10-00:00,2022-09-09-00:00,"[0.133125, 0.11, 0.094375, 0.106875, 0.098125, 0.1, 0.0975, 0.0775, 0.084375, 0.098125]",second,TA
KRW-SOL,2022-09-09-00:00,2022-09-08-00:00,"[0.3, 0.149375, 0.13625, 0.10375, 0.08, 0.074375, 0.06, 0.04125, 0.055]",first,TA
KRW-SOL,2022-09-09-00:00,2022-09-08-00:00,"[0.134375, 0.12, 0.1, 0.095625, 0.09875, 0.110625, 0.07125, 0.085, 0.0825, 0.101875]",second,TA
KRW-SOL,2022-09-08-00:00,2022-09-07-00:00,"[0.313125, 0.165, 0.12, 0.111875, 0.075, 0.0675, 0.054375, 0.0475, 0.045625]",first,TA
KRW-SOL,2022-09-08-00:00,2022-09-07-00:00,"[0.121875, 0.11875, 0.101875, 0.10625, 0.094375, 0.093125, 0.08625, 0.08875, 0.094375, 0.094375]",second,TA
KRW-SOL,2022-09-07-00:00,2022-09-06-00:00,"[0.3175, 0.159375, 0.123125, 0.1075, 0.079375, 0.061875, 0.059375, 0.04125, 0.050625]",first,TA
KRW-SOL,2022-09-07-00:00,2022-09-06-00:00,"[0.115, 0.115625, 0.1025, 0.09375, 0.098125, 0.109375, 0.098125, 0.088125, 0.09625, 0.083125]",second,TA
KRW-SOL,2022-09-06-00:00,2022-09-05-00:00,"[0.3007142857142857, 0.15928571428571428, 0.12214285714285714, 0.09928571428571428, 0.08642857142857142, 0.055714285714285716, 0.06, 0.05714285714285714, 0.05928571428571429]",first,TA
KRW-SOL,2022-09-06-00:00,2022-09-05-00:00,"[0.11642857142857142, 0.13214285714285715, 0.09714285714285714, 0.08928571428571429, 0.09571428571428571, 0.10214285714285715, 0.09571428571428571, 0.09, 0.07857142857142857, 0.10285714285714286]",second,TA
KRW-SOL,2022-09-05-00:00,2022-09-04-00:00,"[0.29, 0.17714285714285713, 0.12928571428571428, 0.10214285714285715, 0.07428571428571429, 0.06142857142857143, 0.052142857142857144, 0.05142857142857143, 0.062142857142857146]",first,TA
KRW-SOL,2022-09-05-00:00,2022-09-04-00:00,"[0.13, 0.11857142857142858, 0.10714285714285714, 0.10071428571428571, 0.09857142857142857, 0.08857142857142856, 0.085, 0.09285714285714286, 0.07357142857142857, 0.105]",second,TA
KRW-SOL,2022-09-04-00:00,2022-09-03-00:00,"[0.31642857142857145, 0.1657142857142857, 0.10928571428571429, 0.08214285714285714, 0.09571428571428571, 0.06785714285714285, 0.047857142857142855, 0.05, 0.065]",first,TA
KRW-SOL,2022-09-04-00:00,2022-09-03-00:00,"[0.13428571428571429, 0.11428571428571428, 0.10714285714285714, 0.09142857142857143, 0.10642857142857143, 0.07357142857142857, 0.08285714285714285, 0.075, 0.09357142857142857, 0.12142857142857143]",second,TA
KRW-SOL,2022-09-03-00:00,2022-09-02-00:00,"[0.309375, 0.174375, 0.11625, 0.0925, 0.081875, 0.07, 0.0475, 0.058125, 0.05]",first,TA
KRW-SOL,2022-09-03-00:00,2022-09-02-00:00,"[0.123125, 0.104375, 0.121875, 0.096875, 0.09875, 0.09125, 0.09125, 0.084375, 0.090625, 0.0975]",second,TA
KRW-SOL,2022-09-02-00:00,2022-09-01-00:00,"[0.323125, 0.175, 0.101875, 0.091875, 0.07875, 0.070625, 0.06625, 0.040625, 0.051875]",first,TA
KRW-SOL,2022-09-02-00:00,2022-09-01-00:00,"[0.113125, 0.119375, 0.11125, 0.1075, 0.105625, 0.091875, 0.09, 0.085625, 0.086875, 0.08875]",second,TA
KRW-SOL,2022-09-01-00:00,2022-08-31-00:00,"[0.330625, 0.19875, 0.103125, 0.098125, 0.069375, 0.059375, 0.046875, 0.045625, 0.048125]",first,TA
KRW-SOL,2022-09-01-00:00,2022-08-31-00:00,"[0.113125, 0.116875, 0.111875, 0.11375, 0.1075, 0.094375, 0.090625, 0.083125, 0.078125, 0.090625]",second,TA
KRW-SOL,2022-08-31-00:00,2022-08-30-00:00,"[0.31, 0.186875, 0.12, 0.08625, 0.08375, 0.054375, 0.051875, 0.049375, 0.0575]",first,TA
KRW-SOL,2022-08-31-00:00,2022-08-30-00:00,"[0.113125, 0.119375, 0.118125, 0.1025, 0.103125, 0.091875, 0.1, 0.080625, 0.09375, 0.0775]",second,TA
KRW-SOL,2022-08-30-00:00,2022-08-29-00:00,"[0.32375, 0.16625, 0.114375, 0.1, 0.090625, 0.05875, 0.050625, 0.05, 0.045625]",first,TA
KRW-SOL,2022-08-30-00:00,2022-08-29-00:00,"[0.123125, 0.111875, 0.0975, 0.114375, 0.099375, 0.096875, 0.095625, 0.086875, 0.0725, 0.101875]",second,TA
KRW-SOL,2022-08-29-00:00,2022-08-28-00:00,"[0.3221428571428571, 0.175, 0.11785714285714285, 0.08714285714285715, 0.07571428571428572, 0.065, 0.054285714285714284, 0.05071428571428571, 0.052142857142857144]",first,TA
KRW-SOL,2022-08-29-00:00,2022-08-28-00:00,"[0.10642857142857143, 0.11071428571428571, 0.09857142857142857, 0.10928571428571429, 0.10428571428571429, 0.08785714285714286, 0.09857142857142857, 0.10357142857142858, 0.085, 0.09571428571428571]",second,TA
KRW-SOL,2022-08-28-00:00,2022-08-27-00:00,"[0.328125, 0.17125, 0.125625, 0.088125, 0.074375, 0.055625, 0.059375, 0.049375, 0.048125]",first,TA
KRW-SOL,2022-08-28-00:00,2022-08-27-00:00,"[0.1175, 0.124375, 0.11625, 0.11125, 0.0975, 0.09125, 0.0775, 0.088125, 0.098125, 0.078125]",second,TA
KRW-SOL,2022-08-27-00:00,2022-08-26-00:00,"[0.31, 0.173125, 0.124375, 0.101875, 0.076875, 0.068125, 0.04875, 0.04625, 0.050625]",first,TA
KRW-SOL,2022-08-27-00:00,2022-08-26-00:00,"[0.1125, 0.104375, 0.114375, 0.096875, 0.094375, 0.1075, 0.108125, 0.08625, 0.093125, 0.0825]",second,TA
KRW-SOL,2022-08-26-00:00,2022-08-25-00:00,"[0.28214285714285714, 0.19214285714285714, 0.13214285714285715, 0.10785714285714286, 0.08285714285714285, 0.05928571428571429, 0.054285714285714284, 0.04214285714285714, 0.047142857142857146]",first,TA
KRW-SOL,2022-08-26-00:00,2022-08-25-00:00,"[0.12642857142857142, 0.11071428571428571, 0.10142857142857142, 0.095, 0.11142857142857143, 0.09857142857142857, 0.09071428571428572, 0.09071428571428572, 0.08642857142857142, 0.08857142857142856]",second,TA
KRW-SOL,2022-08-25-00:00,2022-08-24-00:00,"[0.314375, 0.183125, 0.12125, 0.079375, 0.074375, 0.059375, 0.06625, 0.051875, 0.05]",first,TA
KRW-SOL,2022-08-25-00:00,2022-08-24-00:00,"[0.125625, 0.11, 0.10875, 0.1075, 0.098125, 0.093125, 0.085625, 0.080625, 0.084375, 0.10625]",second,TA
KRW-SOL,2022-08-24-00:00,2022-08-23-00:00,"[0.2925, 0.170625, 0.13, 0.0975, 0.081875, 0.06875, 0.060625, 0.049375, 0.04875]",first,TA
KRW-SOL,2022-08-24-00:00,2022-08-23-00:00,"[0.125625, 0.104375, 0.109375, 0.09875, 0.1125, 0.08625, 0.09625, 0.0825, 0.085, 0.099375]",second,TA
KRW-SOL,2022-08-23-00:00,2022-08-22-00:00,"[0.315625, 0.16875, 0.124375, 0.10875, 0.07875, 0.05875, 0.0525, 0.05, 0.0425]",first,TA
KRW-SOL,2022-08-23-00:00,2022-08-22-00:00,"[0.115, 0.106875, 0.105, 0.111875, 0.10625, 0.086875, 0.09125, 0.088125, 0.088125, 0.100625]",second,TA
KRW-SOL,2022-08-22-00:00,2022-08-21-00:00,"[0.3007142857142857, 0.19357142857142856, 0.13, 0.09571428571428571, 0.07142857142857142, 0.05714285714285714, 0.04857142857142857, 0.05285714285714286, 0.05]",first,TA
KRW-SOL,2022-08-22-00:00,2022-08-21-00:00,"[0.12571428571428572, 0.10714285714285714, 0.10928571428571429, 0.11071428571428571, 0.09428571428571429, 0.09642857142857143, 0.08785714285714286, 0.08857142857142856, 0.08928571428571429, 0.09071428571428572]",second,TA
KRW-SOL,2022-08-21-00:00,2022-08-20-00:00,"[0.30875, 0.190625, 0.126875, 0.094375, 0.075, 0.060625, 0.060625, 0.03375, 0.049375]",first,TA
KRW-SOL,2022-08-21-00:00,2022-08-20-00:00,"[0.13875, 0.115, 0.106875, 0.099375, 0.0975, 0.093125, 0.0925, 0.083125, 0.081875, 0.091875]",second,TA
KRW-SOL,2022-08-20-00:00,2022-08-19-00:00,"[0.283125, 0.1775, 0.1325, 0.104375, 0.085, 0.07375, 0.058125, 0.045625, 0.04]",first,TA
KRW-SOL,2022-08-20-00:00,2022-08-19-00:00,"[0.130625, 0.11, 0.110625, 0.1025, 0.099375, 0.098125, 0.09125, 0.08625, 0.094375, 0.076875]",second,TA
KRW-SOL,2022-08-19-00:00,2022-08-18-00:00,"[0.305, 0.173125, 0.133125, 0.100625, 0.08125, 0.065, 0.055625, 0.05125, 0.035]",first,TA
KRW-SOL,2022-08-19-00:00,2022-08-18-00:00,"[0.114375, 0.1075, 0.100625, 0.106875, 0.10875, 0.100625, 0.083125, 0.095625, 0.084375, 0.098125]",second,TA
KRW-SOL,2022-08-18-00:00,2022-08-17-00:00,"[0.295625, 0.18125, 0.12625, 0.104375, 0.085, 0.068125, 0.055, 0.044375, 0.04]",first,TA
KRW-SOL,2022-08-18-00:00,2022-08-17-00:00,"[0.12625, 0.113125, 0.1025, 0.104375, 0.08375, 0.096875, 0.100625, 0.09625, 0.083125, 0.093125]",second,TA
KRW-SOL,2022-08-17-00:00,2022-08-16-00:00,"[0.3125, 0.18125, 0.13375, 0.098125, 0.0725, 0.065, 0.049375, 0.0425, 0.045]",first,TA
KRW-SOL,2022-08-17-00:00,2022-08-16-00:00,"[0.12375, 0.118125, 0.124375, 0.103125, 0.1025, 0.0875, 0.089375, 0.08375, 0.084375, 0.083125]",second,TA
KRW-SOL,2022-08-16-00:00,2022-08-15-00:00,"[0.2975, 0.186875, 0.1275, 0.098125, 0.066875, 0.06, 0.06125, 0.05, 0.051875]",first,TA
KRW-SOL,2022-08-16-00:00,2022-08-15-00:00,"[0.133125, 0.12375, 0.105625, 0.1025, 0.099375, 0.0975, 0.08375, 0.08375, 0.09, 0.080625]",second,TA
KRW-SOL,2022-08-15-00:00,2022-08-14-00:00,"[0.300625, 0.19625, 0.125625, 0.09875, 0.08125, 0.0575, 0.0525, 0.04625, 0.04125]",first,TA
KRW-SOL,2022-08-15-00:00,2022-08-14-00:00,"[0.14625, 0.1175, 0.103125, 0.1, 0.1, 0.091875, 0.084375, 0.091875, 0.079375, 0.085625]",second,TA
KRW-SOL,2022-08-14-00:00,2022-08-13-00:00,"[0.30625, 0.17875, 0.128125, 0.09625, 0.085625, 0.054375, 0.056875, 0.053125, 0.040625]",first,TA
KRW-SOL,2022-08-14-00:00,2022-08-13-00:00,"[0.128125, 0.11875, 0.101875, 0.104375, 0.09625, 0.089375, 0.098125, 0.095, 0.07875, 0.089375]",second,TA
KRW-SOL,2022-08-13-00:00,2022-08-12-00:00,"[0.314375, 0.181875, 0.121875, 0.096875, 0.07125, 0.064375, 0.05625, 0.049375, 0.04375]",first,TA
KRW-SOL,2022-08-13-00:00,2022-08-12-00:00,"[0.1075, 0.10875, 0.105625, 0.1025, 0.099375, 0.109375, 0.103125, 0.089375, 0.075625, 0.09875]",second,TA
KRW-SOL,2022-08-12-00:00,2022-08-11-00:00,"[0.316875, 0.159375, 0.1225, 0.0925, 0.078125, 0.071875, 0.04875, 0.053125, 0.056875]",first,TA
KRW-SOL,2022-08-12-00:00,2022-08-11-00:00,"[0.113125, 0.11375, 0.11375, 0.11125, 0.099375, 0.08875, 0.09, 0.07875, 0.0925, 0.09875]",second,TA
KRW-SOL,2022-08-11-00:00,2022-08-10-00:00,"[0.320625, 0.183125, 0.13375, 0.086875, 0.073125, 0.060625, 0.051875, 0.048125, 0.041875]",first,TA
KRW-SOL,2022-08-11-00:00,2022-08-10-00:00,"[0.143125, 0.13125, 0.11125, 0.089375, 0.10125, 0.09, 0.080625, 0.084375, 0.08375, 0.085]",second,TA
KRW-SOL,2022-08-10-00:00,2022-08-09-00:00,"[0.305, 0.189375, 0.13, 0.09125, 0.080625, 0.065, 0.056875, 0.0375, 0.044375]",first,TA
KRW-SOL,2022-08-10-00:00,2022-08-09-00:00,"[0.123125, 0.12875, 0.103125, 0.10875, 0.09875, 0.094375, 0.098125, 0.08625, 0.080625, 0.078125]",second,TA
KRW-SOL,2022-08-09-00:00,2022-08-08-00:00,"[0.283125, 0.181875, 0.146875, 0.101875, 0.08, 0.064375, 0.063125, 0.04, 0.03875]",first,TA
KRW-SOL,2022-08-09-00:00,2022-08-08-00:00,"[0.123125, 0.109375, 0.11125, 0.11125, 0.096875, 0.09875, 0.105, 0.083125, 0.076875, 0.084375]",second,TA
KRW-SOL,2022-08-08-00:00,2022-08-07-00:00,"[0.295, 0.18928571428571428, 0.13357142857142856, 0.09642857142857143, 0.08642857142857142, 0.05785714285714286, 0.056428571428571425, 0.045, 0.04]",first,TA
KRW-SOL,2022-08-08-00:00,2022-08-07-00:00,"[0.13357142857142856, 0.09785714285714285, 0.11714285714285715, 0.115, 0.10071428571428571, 0.08928571428571429, 0.08428571428571428, 0.08, 0.09428571428571429, 0.08785714285714286]",second,TA
KRW-SOL,2022-08-07-00:00,2022-08-06-00:00,"[0.3075, 0.19875, 0.120625, 0.08125, 0.074375, 0.0625, 0.054375, 0.05, 0.050625]",first,TA
KRW-SOL,2022-08-07-00:00,2022-08-06-00:00,"[0.131875, 0.11, 0.11, 0.09625, 0.0875, 0.108125, 0.09375, 0.090625, 0.0775, 0.094375]",second,TA
KRW-SOL,2022-08-06-00:00,2022-08-05-00:00,"[0.300625, 0.175625, 0.1225, 0.0975, 0.0825, 0.07125, 0.063125, 0.043125, 0.04375]",first,TA
KRW-SOL,2022-08-06-00:00,2022-08-05-00:00,"[0.11, 0.111875, 0.11625, 0.104375, 0.11625, 0.1025, 0.090625, 0.083125, 0.081875, 0.083125]",second,TA
KRW-SOL,2022-08-05-00:00,2022-08-04-00:00,"[0.283125, 0.19375, 0.115625, 0.0975, 0.0825, 0.0675, 0.06375, 0.051875, 0.044375]",first,TA
KRW-SOL,2022-08-05-00:00,2022-08-04-00:00,"[0.12375, 0.10125, 0.113125, 0.10125, 0.11125, 0.098125, 0.104375, 0.088125, 0.0825, 0.07625]",second,TA
KRW-SOL,2022-08-04-00:00,2022-08-03-00:00,"[0.308125, 0.161875, 0.13625, 0.105, 0.069375, 0.0825, 0.055, 0.046875, 0.035]",first,TA
KRW-SOL,2022-08-04-00:00,2022-08-03-00:00,"[0.120625, 0.114375, 0.1175, 0.100625, 0.109375, 0.081875, 0.10125, 0.0925, 0.08875, 0.073125]",second,TA
KRW-SOL,2022-08-03-00:00,2022-08-02-00:00,"[0.288125, 0.198125, 0.13625, 0.085, 0.085625, 0.071875, 0.04375, 0.04875, 0.0425]",first,TA
KRW-SOL,2022-08-03-00:00,2022-08-02-00:00,"[0.11625, 0.101875, 0.116875, 0.1075, 0.096875, 0.10125, 0.09875, 0.0875, 0.0875, 0.085625]",second,TA
KRW-SOL,2022-08-02-00:00,2022-08-01-00:00,"[0.286875, 0.17625, 0.14875, 0.096875, 0.080625, 0.064375, 0.049375, 0.05625, 0.040625]",first,TA
KRW-SOL,2022-08-02-00:00,2022-08-01-00:00,"[0.12875, 0.1125, 0.11875, 0.09125, 0.08875, 0.100625, 0.10125, 0.07875, 0.08625, 0.093125]",second,TA
KRW-SOL,2022-08-01-00:00,2022-07-31-00:00,"[0.274375, 0.175625, 0.136875, 0.101875, 0.08375, 0.08375, 0.061875, 0.04375, 0.038125]",first,TA
KRW-SOL,2022-08-01-00:00,2022-07-31-00:00,"[0.133125, 0.115, 0.1125, 0.09875, 0.086875, 0.09875, 0.100625, 0.080625, 0.075625, 0.098125]",second,TA
KRW-SOL,2022-07-31-00:00,2022-07-30-00:00,"[0.3, 0.17875, 0.12625, 0.09875, 0.081875, 0.055, 0.06375, 0.05875, 0.036875]",first,TA
KRW-SOL,2022-07-31-00:00,2022-07-30-00:00,"[0.12, 0.108125, 0.105, 0.10375, 0.098125, 0.095625, 0.0925, 0.099375, 0.08625, 0.09125]",second,TA
KRW-SOL,2022-07-30-00:00,2022-07-29-00:00,"[0.25875, 0.166875, 0.135625, 0.10875, 0.0825, 0.06625, 0.064375, 0.065625, 0.05125]",first,TA
KRW-SOL,2022-07-30-00:00,2022-07-29-00:00,"[0.12625, 0.1225, 0.10875, 0.09875, 0.09625, 0.089375, 0.08875, 0.094375, 0.081875, 0.093125]",second,TA
KRW-SOL,2022-07-29-00:00,2022-07-28-00:00,"[0.309375, 0.16625, 0.128125, 0.105625, 0.071875, 0.07125, 0.05625, 0.05, 0.04125]",first,TA
KRW-SOL,2022-07-29-00:00,2022-07-28-00:00,"[0.121875, 0.12, 0.103125, 0.10375, 0.099375, 0.1, 0.094375, 0.08625, 0.08125, 0.09]",second,TA
KRW-SOL,2022-07-28-00:00,2022-07-27-00:00,"[0.31625, 0.176875, 0.128125, 0.104375, 0.09, 0.071875, 0.04625, 0.03625, 0.03]",first,TA
KRW-SOL,2022-07-28-00:00,2022-07-27-00:00,"[0.115625, 0.111875, 0.11875, 0.10875, 0.093125, 0.12, 0.083125, 0.08625, 0.08, 0.0825]",second,TA
KRW-SOL,2022-07-27-00:00,2022-07-26-00:00,"[0.310625, 0.174375, 0.129375, 0.104375, 0.083125, 0.07125, 0.045625, 0.044375, 0.036875]",first,TA
KRW-SOL,2022-07-27-00:00,2022-07-26-00:00,"[0.123125, 0.11375, 0.098125, 0.1025, 0.096875, 0.101875, 0.09875, 0.0875, 0.094375, 0.083125]",second,TA
KRW-SOL,2022-07-26-00:00,2022-07-25-00:00,"[0.28, 0.176875, 0.1325, 0.10625, 0.07875, 0.074375, 0.054375, 0.046875, 0.05]",first,TA
KRW-SOL,2022-07-26-00:00,2022-07-25-00:00,"[0.129375, 0.118125, 0.100625, 0.098125, 0.099375, 0.08875, 0.105, 0.09, 0.08625, 0.084375]",second,TA
KRW-SOL,2022-07-25-00:00,2022-07-24-00:00,"[0.295625, 0.19, 0.131875, 0.089375, 0.09125, 0.060625, 0.0525, 0.044375, 0.044375]",first,TA
KRW-SOL,2022-07-25-00:00,2022-07-24-00:00,"[0.125, 0.114375, 0.105625, 0.1025, 0.10625, 0.079375, 0.1, 0.08625, 0.085, 0.095625]",second,TA
KRW-SOL,2022-07-24-00:00,2022-07-23-00:00,"[0.305625, 0.181875, 0.1325, 0.0925, 0.080625, 0.065, 0.050625, 0.046875, 0.044375]",first,TA
KRW-SOL,2022-07-24-00:00,2022-07-23-00:00,"[0.1125, 0.12, 0.11125, 0.094375, 0.11, 0.08375, 0.091875, 0.103125, 0.0875, 0.085625]",second,TA
KRW-SOL,2022-07-23-00:00,2022-07-22-00:00,"[0.296875, 0.1725, 0.125625, 0.123125, 0.073125, 0.06375, 0.05, 0.05, 0.045]",first,TA
KRW-SOL,2022-07-23-00:00,2022-07-22-00:00,"[0.115625, 0.120625, 0.109375, 0.098125, 0.08625, 0.10125, 0.08375, 0.106875, 0.083125, 0.095]",second,TA
KRW-SOL,2022-07-22-00:00,2022-07-21-00:00,"[0.2925, 0.164375, 0.113125, 0.10375, 0.08, 0.07375, 0.063125, 0.0525, 0.056875]",first,TA
KRW-SOL,2022-07-22-00:00,2022-07-21-00:00,"[0.121875, 0.128125, 0.1125, 0.1, 0.08375, 0.088125, 0.096875, 0.09875, 0.08125, 0.08875]",second,TA
KRW-SOL,2022-07-21-00:00,2022-07-20-00:00,"[0.271875, 0.188125, 0.120625, 0.105625, 0.08, 0.070625, 0.066875, 0.05125, 0.045]",first,TA
KRW-SOL,2022-07-21-00:00,2022-07-20-00:00,"[0.128125, 0.1225, 0.104375, 0.10625, 0.09375, 0.09375, 0.093125, 0.090625, 0.089375, 0.078125]",second,TA
KRW-SOL,2022-07-20-00:00,2022-07-19-00:00,"[0.289375, 0.175625, 0.129375, 0.1, 0.0775, 0.07875, 0.053125, 0.04875, 0.0475]",first,TA
KRW-SOL,2022-07-20-00:00,2022-07-19-00:00,"[0.130625, 0.11125, 0.103125, 0.099375, 0.10625, 0.089375, 0.08625, 0.0925, 0.086875, 0.094375]",second,TA
KRW-SOL,2022-07-19-00:00,2022-07-18-00:00,"[0.28, 0.175, 0.136875, 0.1075, 0.09, 0.063125, 0.053125, 0.048125, 0.04625]",first,TA
KRW-SOL,2022-07-19-00:00,2022-07-18-00:00,"[0.121875, 0.118125, 0.111875, 0.09375, 0.100625, 0.090625, 0.0825, 0.100625, 0.089375, 0.090625]",second,TA
KRW-SOL,2022-07-18-00:00,2022-07-17-00:00,"[0.31625, 0.185, 0.1325, 0.085625, 0.080625, 0.061875, 0.048125, 0.049375, 0.040625]",first,TA
KRW-SOL,2022-07-18-00:00,2022-07-17-00:00,"[0.123125, 0.12, 0.096875, 0.096875, 0.10125, 0.1075, 0.081875, 0.086875, 0.094375, 0.09125]",second,TA
KRW-SOL,2022-07-17-00:00,2022-07-16-00:00,"[0.316875, 0.17625, 0.133125, 0.096875, 0.08, 0.065625, 0.04375, 0.041875, 0.045625]",first,TA
KRW-SOL,2022-07-17-00:00,2022-07-16-00:00,"[0.1125, 0.119375, 0.114375, 0.10375, 0.093125, 0.09125, 0.091875, 0.0875, 0.099375, 0.086875]",second,TA
KRW-SOL,2022-07-16-00:00,2022-07-15-00:00,"[0.281875, 0.189375, 0.126875, 0.09875, 0.078125, 0.065, 0.053125, 0.0575, 0.049375]",first,TA
KRW-SOL,2022-07-16-00:00,2022-07-15-00:00,"[0.1225, 0.1225, 0.108125, 0.098125, 0.106875, 0.0925, 0.086875, 0.09, 0.089375, 0.083125]",second,TA
KRW-SOL,2022-07-15-00:00,2022-07-14-00:00,"[0.279375, 0.178125, 0.14, 0.1075, 0.083125, 0.071875, 0.055, 0.049375, 0.035625]",first,TA
KRW-SOL,2022-07-15-00:00,2022-07-14-00:00,"[0.119375, 0.109375, 0.11125, 0.108125, 0.104375, 0.096875, 0.09625, 0.086875, 0.088125, 0.079375]",second,TA
KRW-SOL,2022-07-14-00:00,2022-07-13-00:00,"[0.3, 0.1925, 0.11875, 0.100625, 0.089375, 0.058125, 0.049375, 0.046875, 0.044375]",first,TA
KRW-SOL,2022-07-14-00:00,2022-07-13-00:00,"[0.11, 0.11125, 0.110625, 0.11, 0.108125, 0.109375, 0.085625, 0.085625, 0.078125, 0.09125]",second,TA
KRW-SOL,2022-07-13-00:00,2022-07-12-00:00,"[0.30375, 0.18625, 0.109375, 0.11, 0.07375, 0.0675, 0.049375, 0.053125, 0.046875]",first,TA
KRW-SOL,2022-07-13-00:00,2022-07-12-00:00,"[0.131875, 0.11, 0.099375, 0.118125, 0.10625, 0.09375, 0.089375, 0.093125, 0.08375, 0.074375]",second,TA
KRW-SOL,2022-07-12-00:00,2022-07-11-00:00,"[0.316875, 0.190625, 0.1075, 0.089375, 0.084375, 0.068125, 0.05, 0.0475, 0.045625]",first,TA
KRW-SOL,2022-07-12-00:00,2022-07-11-00:00,"[0.13, 0.12875, 0.1075, 0.10625, 0.103125, 0.09125, 0.094375, 0.081875, 0.07375, 0.083125]",second,TA
KRW-SOL,2022-07-11-00:00,2022-07-10-00:00,"[0.3, 0.165, 0.125625, 0.080625, 0.085625, 0.074375, 0.061875, 0.053125, 0.05375]",first,TA
KRW-SOL,2022-07-11-00:00,2022-07-10-00:00,"[0.130625, 0.11125, 0.111875, 0.094375, 0.101875, 0.091875, 0.08875, 0.09, 0.091875, 0.0875]",second,TA
KRW-SOL,2022-07-10-00:00,2022-07-09-00:00,"[0.324375, 0.191875, 0.12625, 0.0825, 0.0625, 0.060625, 0.053125, 0.051875, 0.046875]",first,TA
KRW-SOL,2022-07-10-00:00,2022-07-09-00:00,"[0.136875, 0.115, 0.100625, 0.0925, 0.096875, 0.105625, 0.094375, 0.088125, 0.079375, 0.090625]",second,TA
KRW-SOL,2022-07-09-00:00,2022-07-08-00:00,"[0.2925, 0.17125, 0.139375, 0.111875, 0.07125, 0.065, 0.058125, 0.045625, 0.045]",first,TA
KRW-SOL,2022-07-09-00:00,2022-07-08-00:00,"[0.120625, 0.12125, 0.11625, 0.10625, 0.0875, 0.094375, 0.0975, 0.090625, 0.085625, 0.08]",second,TA
KRW-SOL,2022-07-08-00:00,2022-07-07-00:00,"[0.308125, 0.174375, 0.12125, 0.09875, 0.075625, 0.074375, 0.0575, 0.041875, 0.048125]",first,TA
KRW-SOL,2022-07-08-00:00,2022-07-07-00:00,"[0.11375, 0.10125, 0.11625, 0.099375, 0.105625, 0.0975, 0.1025, 0.09125, 0.095, 0.0775]",second,TA
KRW-SOL,2022-07-07-00:00,2022-07-06-00:00,"[0.270625, 0.17375, 0.139375, 0.10875, 0.0825, 0.069375, 0.0575, 0.0525, 0.045625]",first,TA
KRW-SOL,2022-07-07-00:00,2022-07-06-00:00,"[0.11625, 0.111875, 0.11125, 0.106875, 0.086875, 0.093125, 0.08625, 0.08875, 0.10375, 0.095]",second,TA
KRW-SOL,2022-07-06-00:00,2022-07-05-00:00,"[0.271875, 0.1575, 0.12, 0.113125, 0.09875, 0.07, 0.068125, 0.05625, 0.044375]",first,TA
KRW-SOL,2022-07-06-00:00,2022-07-05-00:00,"[0.130625, 0.108125, 0.1025, 0.103125, 0.095625, 0.0925, 0.08875, 0.1, 0.095625, 0.083125]",second,TA
KRW-SOL,2022-07-05-00:00,2022-07-04-00:00,"[0.296875, 0.161875, 0.125625, 0.096875, 0.08, 0.06625, 0.063125, 0.063125, 0.04625]",first,TA
KRW-SOL,2022-07-05-00:00,2022-07-04-00:00,"[0.126875, 0.111875, 0.1075, 0.106875, 0.09375, 0.085625, 0.10125, 0.099375, 0.0825, 0.084375]",second,TA
KRW-SOL,2022-07-04-00:00,2022-07-03-00:00,"[0.2892857142857143, 0.19785714285714287, 0.10857142857142857, 0.09428571428571429, 0.07357142857142857, 0.06571428571428571, 0.065, 0.054285714285714284, 0.05142857142857143]",first,TA
KRW-SOL,2022-07-04-00:00,2022-07-03-00:00,"[0.11571428571428571, 0.12428571428571429, 0.10285714285714286, 0.10642857142857143, 0.10785714285714286, 0.09714285714285714, 0.09714285714285714, 0.09785714285714285, 0.075, 0.07571428571428572]",second,TA
KRW-SOL,2022-07-03-00:00,2022-07-02-00:00,"[0.311875, 0.159375, 0.129375, 0.096875, 0.075625, 0.071875, 0.058125, 0.0475, 0.049375]",first,TA
KRW-SOL,2022-07-03-00:00,2022-07-02-00:00,"[0.1275, 0.118125, 0.1125, 0.110625, 0.095625, 0.096875, 0.08625, 0.08875, 0.071875, 0.091875]",second,TA
KRW-SOL,2022-07-02-00:00,2022-07-01-00:00,"[0.294375, 0.16875, 0.13, 0.096875, 0.084375, 0.071875, 0.053125, 0.053125, 0.0475]",first,TA
KRW-SOL,2022-07-02-00:00,2022-07-01-00:00,"[0.138125, 0.108125, 0.104375, 0.1, 0.0825, 0.104375, 0.096875, 0.100625, 0.08875, 0.07625]",second,TA
KRW-SOL,2022-07-01-00:00,2022-06-30-00:00,"[0.27071428571428574, 0.18285714285714286, 0.14714285714285713, 0.10857142857142857, 0.08, 0.07142857142857142, 0.06285714285714286, 0.04071428571428572, 0.03571428571428571]",first,TA
KRW-SOL,2022-07-01-00:00,2022-06-30-00:00,"[0.11928571428571429, 0.11642857142857142, 0.115, 0.08714285714285715, 0.10071428571428571, 0.09714285714285714, 0.10285714285714286, 0.07928571428571428, 0.09928571428571428, 0.08285714285714285]",second,TA
KRW-SOL,2022-06-30-00:00,2022-06-29-00:00,"[0.28375, 0.176875, 0.145625, 0.113125, 0.08125, 0.069375, 0.050625, 0.044375, 0.035]",first,TA
KRW-SOL,2022-06-30-00:00,2022-06-29-00:00,"[0.115625, 0.11375, 0.118125, 0.09, 0.103125, 0.086875, 0.093125, 0.08125, 0.11, 0.088125]",second,TA
KRW-SOL,2022-06-29-00:00,2022-06-28-00:00,"[0.261875, 0.17625, 0.13625, 0.1125, 0.091875, 0.073125, 0.06, 0.0475, 0.040625]",first,TA
KRW-SOL,2022-06-29-00:00,2022-06-28-00:00,"[0.12375, 0.11, 0.105625, 0.098125, 0.08875, 0.091875, 0.10375, 0.089375, 0.103125, 0.085625]",second,TA
KRW-SOL,2022-06-28-00:00,2022-06-27-00:00,"[0.27375, 0.17875, 0.15625, 0.095625, 0.08, 0.07, 0.06, 0.04375, 0.041875]",first,TA
KRW-SOL,2022-06-28-00:00,2022-06-27-00:00,"[0.130625, 0.11, 0.100625, 0.10625, 0.086875, 0.1025, 0.093125, 0.09, 0.081875, 0.098125]",second,TA
KRW-SOL,2022-06-27-00:00,2022-06-26-00:00,"[0.293125, 0.17125, 0.139375, 0.095625, 0.085, 0.06375, 0.06, 0.04625, 0.045625]",first,TA
KRW-SOL,2022-06-27-00:00,2022-06-26-00:00,"[0.131875, 0.103125, 0.11, 0.110625, 0.101875, 0.09375, 0.0925, 0.08, 0.0825, 0.09375]",second,TA
KRW-SOL,2022-06-26-00:00,2022-06-25-00:00,"[0.253125, 0.165625, 0.125625, 0.109375, 0.099375, 0.080625, 0.064375, 0.063125, 0.03875]",first,TA
KRW-SOL,2022-06-26-00:00,2022-06-25-00:00,"[0.123125, 0.095625, 0.11625, 0.095625, 0.10625, 0.094375, 0.098125, 0.09375, 0.09375, 0.083125]",second,TA
KRW-SOL,2022-06-25-00:00,2022-06-24-00:00,"[0.293125, 0.158125, 0.115, 0.103125, 0.084375, 0.075, 0.065625, 0.05375, 0.051875]",first,TA
KRW-SOL,2022-06-25-00:00,2022-06-24-00:00,"[0.103125, 0.12875, 0.1175, 0.0875, 0.091875, 0.088125, 0.095625, 0.105, 0.085625, 0.096875]",second,TA
KRW-SOL,2022-06-24-00:00,2022-06-23-00:00,"[0.2925, 0.161875, 0.121875, 0.1125, 0.0925, 0.079375, 0.059375, 0.043125, 0.036875]",first,TA
KRW-SOL,2022-06-24-00:00,2022-06-23-00:00,"[0.0925, 0.12625, 0.11, 0.1075, 0.10875, 0.09875, 0.0975, 0.09, 0.0825, 0.08625]",second,TA
KRW-SOL,2022-06-23-00:00,2022-06-22-00:00,"[0.303125, 0.16, 0.12375, 0.105625, 0.080625, 0.075625, 0.05125, 0.0525, 0.0475]",first,TA
KRW-SOL,2022-06-23-00:00,2022-06-22-00:00,"[0.119375, 0.108125, 0.11, 0.108125, 0.10375, 0.0875, 0.10375, 0.085625, 0.093125, 0.080625]",second,TA
KRW-SOL,2022-06-22-00:00,2022-06-21-00:00,"[0.300625, 0.185, 0.109375, 0.09875, 0.07875, 0.07, 0.070625, 0.038125, 0.04875]",first,TA
KRW-SOL,2022-06-22-00:00,2022-06-21-00:00,"[0.126875, 0.106875, 0.11, 0.096875, 0.095, 0.099375, 0.085625, 0.099375, 0.085625, 0.094375]",second,TA
KRW-SOL,2022-06-21-00:00,2022-06-20-00:00,"[0.3025, 0.159375, 0.105, 0.09875, 0.0925, 0.076875, 0.0675, 0.049375, 0.048125]",first,TA
KRW-SOL,2022-06-21-00:00,2022-06-20-00:00,"[0.12625, 0.12125, 0.1125, 0.109375, 0.106875, 0.100625, 0.084375, 0.083125, 0.08, 0.075625]",second,TA
KRW-SOL,2022-06-20-00:00,2022-06-19-00:00,"[0.330625, 0.148125, 0.104375, 0.095625, 0.0825, 0.068125, 0.068125, 0.053125, 0.049375]",first,TA
KRW-SOL,2022-06-20-00:00,2022-06-19-00:00,"[0.116875, 0.119375, 0.108125, 0.1175, 0.1025, 0.095625, 0.095625, 0.0775, 0.085, 0.081875]",second,TA
KRW-SOL,2022-06-19-00:00,2022-06-18-00:00,"[0.31375, 0.185, 0.13, 0.088125, 0.07875, 0.0675, 0.0575, 0.0375, 0.041875]",first,TA
KRW-SOL,2022-06-19-00:00,2022-06-18-00:00,"[0.1125, 0.11375, 0.110625, 0.095625, 0.098125, 0.109375, 0.100625, 0.09, 0.0925, 0.076875]",second,TA
KRW-SOL,2022-06-18-00:00,2022-06-17-00:00,"[0.294375, 0.1775, 0.12375, 0.10125, 0.076875, 0.069375, 0.055625, 0.053125, 0.048125]",first,TA
KRW-SOL,2022-06-18-00:00,2022-06-17-00:00,"[0.105625, 0.10625, 0.12125, 0.118125, 0.095, 0.101875, 0.08875, 0.101875, 0.078125, 0.083125]",second,TA
KRW-SOL,2022-06-17-00:00,2022-06-16-00:00,"[0.283125, 0.179375, 0.121875, 0.101875, 0.083125, 0.071875, 0.060625, 0.05125, 0.046875]",first,TA
KRW-SOL,2022-06-17-00:00,2022-06-16-00:00,"[0.11875, 0.1125, 0.126875, 0.101875, 0.09875, 0.1, 0.096875, 0.08125, 0.078125, 0.085]",second,TA
KRW-SOL,2022-06-16-00:00,2022-06-15-00:00,"[0.28625, 0.14625, 0.11, 0.103125, 0.11125, 0.07375, 0.066875, 0.05625, 0.04625]",first,TA
KRW-SOL,2022-06-16-00:00,2022-06-15-00:00,"[0.1125, 0.10875, 0.10375, 0.105, 0.111875, 0.095625, 0.09125, 0.086875, 0.083125, 0.10125]",second,TA
KRW-SOL,2022-06-15-00:00,2022-06-14-00:00,"[0.31625, 0.159375, 0.103125, 0.086875, 0.084375, 0.075, 0.063125, 0.05625, 0.055625]",first,TA
KRW-SOL,2022-06-15-00:00,2022-06-14-00:00,"[0.125625, 0.109375, 0.10625, 0.10125, 0.1, 0.101875, 0.089375, 0.09375, 0.091875, 0.080625]",second,TA
KRW-SOL,2022-06-14-00:00,2022-06-13-00:00,"[0.3225, 0.15125, 0.1025, 0.089375, 0.075625, 0.078125, 0.06875, 0.06375, 0.048125]",first,TA
KRW-SOL,2022-06-14-00:00,2022-06-13-00:00,"[0.12875, 0.1125, 0.11125, 0.1025, 0.098125, 0.096875, 0.104375, 0.08625, 0.075625, 0.08375]",second,TA
KRW-SOL,2022-06-13-00:00,2022-06-12-00:00,"[0.281875, 0.179375, 0.150625, 0.103125, 0.075625, 0.056875, 0.056875, 0.05375, 0.041875]",first,TA
KRW-SOL,2022-06-13-00:00,2022-06-12-00:00,"[0.12125, 0.109375, 0.103125, 0.109375, 0.10375, 0.105, 0.0925, 0.088125, 0.083125, 0.084375]",second,TA
KRW-SOL,2022-06-12-00:00,2022-06-11-00:00,"[0.32, 0.175625, 0.11375, 0.10375, 0.073125, 0.055625, 0.05375, 0.055, 0.049375]",first,TA
KRW-SOL,2022-06-12-00:00,2022-06-11-00:00,"[0.121875, 0.109375, 0.115625, 0.10375, 0.10875, 0.088125, 0.09875, 0.088125, 0.075625, 0.09]",second,TA
KRW-SOL,2022-06-11-00:00,2022-06-10-00:00,"[0.3, 0.194375, 0.131875, 0.089375, 0.075, 0.06125, 0.05125, 0.0475, 0.049375]",first,TA
KRW-SOL,2022-06-11-00:00,2022-06-10-00:00,"[0.1375, 0.103125, 0.10625, 0.113125, 0.10375, 0.101875, 0.093125, 0.083125, 0.0875, 0.070625]",second,TA
KRW-SOL,2022-06-10-00:00,2022-06-09-00:00,"[0.314375, 0.174375, 0.1175, 0.100625, 0.071875, 0.063125, 0.046875, 0.05, 0.06125]",first,TA
KRW-SOL,2022-06-10-00:00,2022-06-09-00:00,"[0.126875, 0.111875, 0.098125, 0.11125, 0.096875, 0.09625, 0.085, 0.085625, 0.09125, 0.096875]",second,TA
KRW-SOL,2022-06-09-00:00,2022-06-08-00:00,"[0.316875, 0.16625, 0.1225, 0.09625, 0.08, 0.059375, 0.063125, 0.046875, 0.04875]",first,TA
KRW-SOL,2022-06-09-00:00,2022-06-08-00:00,"[0.108125, 0.116875, 0.110625, 0.103125, 0.106875, 0.10125, 0.09875, 0.081875, 0.085625, 0.086875]",second,TA
KRW-SOL,2022-06-08-00:00,2022-06-07-00:00,"[0.295625, 0.16875, 0.113125, 0.11375, 0.090625, 0.05, 0.0675, 0.054375, 0.04625]",first,TA
KRW-SOL,2022-06-08-00:00,2022-06-07-00:00,"[0.109375, 0.10625, 0.1025, 0.12, 0.100625, 0.10625, 0.11, 0.08875, 0.07875, 0.0775]",second,TA
KRW-SOL,2022-06-07-00:00,2022-06-06-00:00,"[0.295625, 0.1625, 0.119375, 0.099375, 0.090625, 0.0775, 0.061875, 0.04125, 0.051875]",first,TA
KRW-SOL,2022-06-07-00:00,2022-06-06-00:00,"[0.121875, 0.110625, 0.104375, 0.10125, 0.095, 0.106875, 0.093125, 0.099375, 0.079375, 0.088125]",second,TA
KRW-SOL,2022-06-06-00:00,2022-06-05-00:00,"[0.288125, 0.190625, 0.13625, 0.0975, 0.080625, 0.06625, 0.04625, 0.055, 0.039375]",first,TA
KRW-SOL,2022-06-06-00:00,2022-06-05-00:00,"[0.1175, 0.10375, 0.099375, 0.110625, 0.095, 0.0975, 0.08875, 0.098125, 0.099375, 0.09]",second,TA
KRW-SOL,2022-06-05-00:00,2022-06-04-00:00,"[0.28, 0.181875, 0.145, 0.10625, 0.08, 0.065, 0.048125, 0.048125, 0.045625]",first,TA
KRW-SOL,2022-06-05-00:00,2022-06-04-00:00,"[0.110625, 0.1025, 0.113125, 0.096875, 0.109375, 0.106875, 0.101875, 0.095, 0.08375, 0.08]",second,TA
KRW-SOL,2022-06-04-00:00,2022-06-03-00:00,"[0.289375, 0.175625, 0.120625, 0.09875, 0.07375, 0.06875, 0.059375, 0.059375, 0.054375]",first,TA
KRW-SOL,2022-06-04-00:00,2022-06-03-00:00,"[0.12375, 0.1275, 0.103125, 0.111875, 0.093125, 0.0875, 0.08375, 0.09, 0.0975, 0.081875]",second,TA
KRW-SOL,2022-06-03-00:00,2022-06-02-00:00,"[0.31125, 0.173125, 0.13, 0.090625, 0.085625, 0.06375, 0.060625, 0.049375, 0.035625]",first,TA
KRW-SOL,2022-06-03-00:00,2022-06-02-00:00,"[0.11, 0.116875, 0.111875, 0.0975, 0.099375, 0.09375, 0.093125, 0.0975, 0.0925, 0.0875]",second,TA
KRW-SOL,2022-06-02-00:00,2022-06-01-00:00,"[0.284375, 0.17125, 0.15125, 0.1025, 0.08, 0.055625, 0.055625, 0.055, 0.044375]",first,TA
KRW-SOL,2022-06-02-00:00,2022-06-01-00:00,"[0.110625, 0.10625, 0.106875, 0.095625, 0.1, 0.1, 0.08125, 0.096875, 0.118125, 0.084375]",second,TA
KRW-SOL,2022-06-01-00:00,2022-05-31-00:00,"[0.33125, 0.1425, 0.110625, 0.1, 0.081875, 0.076875, 0.059375, 0.04875, 0.04875]",first,TA
KRW-SOL,2022-06-01-00:00,2022-05-31-00:00,"[0.110625, 0.12, 0.104375, 0.095625, 0.111875, 0.093125, 0.105625, 0.0925, 0.08, 0.08625]",second,TA
KRW-SOL,2022-05-31-00:00,2022-05-30-00:00,"[0.290625, 0.165, 0.13, 0.09875, 0.0875, 0.075625, 0.05625, 0.0475, 0.04875]",first,TA
KRW-SOL,2022-05-31-00:00,2022-05-30-00:00,"[0.1225, 0.10125, 0.0975, 0.11375, 0.09625, 0.094375, 0.1025, 0.09, 0.08875, 0.093125]",second,TA
KRW-SOL,2022-05-30-00:00,2022-05-29-00:00,"[0.295, 0.18875, 0.11, 0.103125, 0.095, 0.070625, 0.05, 0.048125, 0.039375]",first,TA
KRW-SOL,2022-05-30-00:00,2022-05-29-00:00,"[0.1275, 0.1075, 0.108125, 0.09125, 0.115, 0.09, 0.095625, 0.076875, 0.1025, 0.085625]",second,TA
KRW-SOL,2022-05-29-00:00,2022-05-28-00:00,"[0.3075, 0.1775, 0.116875, 0.090625, 0.075625, 0.070625, 0.066875, 0.05375, 0.040625]",first,TA
KRW-SOL,2022-05-29-00:00,2022-05-28-00:00,"[0.126875, 0.115625, 0.10125, 0.1025, 0.111875, 0.104375, 0.093125, 0.085, 0.08, 0.079375]",second,TA
KRW-SOL,2022-05-28-00:00,2022-05-27-00:00,"[0.266875, 0.189375, 0.12, 0.10375, 0.08375, 0.07375, 0.068125, 0.045625, 0.04875]",first,TA
KRW-SOL,2022-05-28-00:00,2022-05-27-00:00,"[0.1225, 0.111875, 0.1125, 0.1, 0.098125, 0.08875, 0.08875, 0.105625, 0.0875, 0.084375]",second,TA
KRW-SOL,2022-05-27-00:00,2022-05-26-00:00,"[0.30875, 0.180625, 0.124375, 0.099375, 0.07875, 0.07125, 0.044375, 0.05, 0.0425]",first,TA
KRW-SOL,2022-05-27-00:00,2022-05-26-00:00,"[0.110625, 0.113125, 0.118125, 0.1275, 0.093125, 0.08875, 0.105625, 0.08875, 0.075, 0.079375]",second,TA
KRW-SOL,2022-05-26-00:00,2022-05-25-00:00,"[0.295625, 0.193125, 0.136875, 0.09625, 0.0775, 0.054375, 0.05875, 0.04375, 0.04375]",first,TA
KRW-SOL,2022-05-26-00:00,2022-05-25-00:00,"[0.12375, 0.106875, 0.10625, 0.106875, 0.095, 0.093125, 0.09875, 0.10625, 0.081875, 0.08125]",second,TA
KRW-SOL,2022-05-25-00:00,2022-05-24-00:00,"[0.31125, 0.1825, 0.1225, 0.089375, 0.07625, 0.07375, 0.044375, 0.05375, 0.04625]",first,TA
KRW-SOL,2022-05-25-00:00,2022-05-24-00:00,"[0.12125, 0.1175, 0.11625, 0.10875, 0.094375, 0.083125, 0.09, 0.094375, 0.09625, 0.078125]",second,TA
KRW-SOL,2022-05-24-00:00,2022-05-23-00:00,"[0.2957142857142857, 0.1792857142857143, 0.12214285714285714, 0.10785714285714286, 0.08214285714285714, 0.07285714285714286, 0.052142857142857144, 0.04928571428571429, 0.03857142857142857]",first,TA
KRW-SOL,2022-05-24-00:00,2022-05-23-00:00,"[0.115, 0.11071428571428571, 0.12214285714285714, 0.11142857142857143, 0.11, 0.10285714285714286, 0.08571428571428572, 0.08142857142857143, 0.08142857142857143, 0.07928571428571428]",second,TA
KRW-SOL,2022-05-23-00:00,2022-05-22-00:00,"[0.296875, 0.195, 0.120625, 0.090625, 0.098125, 0.06125, 0.04625, 0.051875, 0.039375]",first,TA
KRW-SOL,2022-05-23-00:00,2022-05-22-00:00,"[0.11875, 0.1075, 0.11375, 0.099375, 0.114375, 0.104375, 0.095, 0.089375, 0.075625, 0.081875]",second,TA
KRW-SOL,2022-05-22-00:00,2022-05-21-00:00,"[0.296875, 0.2125, 0.139375, 0.085625, 0.063125, 0.056875, 0.049375, 0.04625, 0.05]",first,TA
KRW-SOL,2022-05-22-00:00,2022-05-21-00:00,"[0.128125, 0.11625, 0.10125, 0.109375, 0.0875, 0.115, 0.10125, 0.075, 0.089375, 0.076875]",second,TA
KRW-SOL,2022-05-21-00:00,2022-05-20-00:00,"[0.26, 0.1575, 0.15, 0.11125, 0.093125, 0.0775, 0.075, 0.04, 0.035625]",first,TA
KRW-SOL,2022-05-21-00:00,2022-05-20-00:00,"[0.120625, 0.10875, 0.105, 0.10625, 0.1, 0.099375, 0.0925, 0.089375, 0.101875, 0.07625]",second,TA
KRW-SOL,2022-05-20-00:00,2022-05-19-00:00,"[0.30125, 0.169375, 0.124375, 0.09375, 0.091875, 0.068125, 0.06375, 0.051875, 0.035625]",first,TA
KRW-SOL,2022-05-20-00:00,2022-05-19-00:00,"[0.131875, 0.1175, 0.098125, 0.10375, 0.116875, 0.1, 0.086875, 0.086875, 0.073125, 0.085]",second,TA
KRW-SOL,2022-05-19-00:00,2022-05-18-00:00,"[0.28, 0.195, 0.121875, 0.09875, 0.0775, 0.065, 0.060625, 0.049375, 0.051875]",first,TA
KRW-SOL,2022-05-19-00:00,2022-05-18-00:00,"[0.114375, 0.110625, 0.10125, 0.108125, 0.09375, 0.09875, 0.1075, 0.094375, 0.085, 0.08625]",second,TA
KRW-SOL,2022-05-18-00:00,2022-05-17-00:00,"[0.26625, 0.176875, 0.123125, 0.125625, 0.08125, 0.07125, 0.0575, 0.05625, 0.041875]",first,TA
KRW-SOL,2022-05-18-00:00,2022-05-17-00:00,"[0.1275, 0.10875, 0.0975, 0.1075, 0.083125, 0.09375, 0.094375, 0.095, 0.098125, 0.094375]",second,TA
KRW-SOL,2022-05-17-00:00,2022-05-16-00:00,"[0.259375, 0.16875, 0.133125, 0.10125, 0.085625, 0.08625, 0.064375, 0.053125, 0.048125]",first,TA
KRW-SOL,2022-05-17-00:00,2022-05-16-00:00,"[0.124375, 0.1275, 0.10375, 0.096875, 0.108125, 0.0875, 0.09625, 0.085, 0.08, 0.090625]",second,TA
KRW-SOL,2022-05-16-00:00,2022-05-15-00:00,"[0.300625, 0.1675, 0.123125, 0.089375, 0.07875, 0.08625, 0.060625, 0.04875, 0.045]",first,TA
KRW-SOL,2022-05-16-00:00,2022-05-15-00:00,"[0.111875, 0.125625, 0.115, 0.08875, 0.118125, 0.095, 0.098125, 0.08375, 0.085625, 0.078125]",second,TA
KRW-SOL,2022-05-15-00:00,2022-05-14-00:00,"[0.29625, 0.148125, 0.1225, 0.08875, 0.08875, 0.08125, 0.066875, 0.059375, 0.048125]",first,TA
KRW-SOL,2022-05-15-00:00,2022-05-14-00:00,"[0.109375, 0.111875, 0.10875, 0.114375, 0.1, 0.099375, 0.094375, 0.089375, 0.093125, 0.079375]",second,TA
KRW-SOL,2022-05-14-00:00,2022-05-13-00:00,"[0.340625, 0.1825, 0.090625, 0.085625, 0.081875, 0.060625, 0.050625, 0.06, 0.0475]",first,TA
KRW-SOL,2022-05-14-00:00,2022-05-13-00:00,"[0.114375, 0.121875, 0.11375, 0.10375, 0.09375, 0.098125, 0.0975, 0.1, 0.086875, 0.07]",second,TA
KRW-SOL,2022-05-13-00:00,2022-05-12-00:00,"[0.370625, 0.18625, 0.103125, 0.079375, 0.0775, 0.051875, 0.044375, 0.049375, 0.0375]",first,TA
KRW-SOL,2022-05-13-00:00,2022-05-12-00:00,"[0.125, 0.12, 0.109375, 0.106875, 0.105625, 0.09, 0.09125, 0.081875, 0.08875, 0.08125]",second,TA
KRW-SOL,2022-05-12-00:00,2022-05-11-00:00,"[0.335, 0.144375, 0.101875, 0.08625, 0.08125, 0.073125, 0.06375, 0.058125, 0.05625]",first,TA
KRW-SOL,2022-05-12-00:00,2022-05-11-00:00,"[0.11125, 0.12125, 0.12125, 0.11625, 0.103125, 0.103125, 0.08875, 0.0725, 0.0875, 0.075]",second,TA
KRW-SOL,2022-05-11-00:00,2022-05-10-00:00,"[0.33125, 0.145625, 0.12125, 0.093125, 0.0725, 0.07, 0.056875, 0.060625, 0.04875]",first,TA
KRW-SOL,2022-05-11-00:00,2022-05-10-00:00,"[0.124375, 0.11875, 0.11375, 0.0925, 0.095625, 0.105, 0.0825, 0.093125, 0.096875, 0.0775]",second,TA
KRW-SOL,2022-05-10-00:00,2022-05-09-00:00,"[0.26375, 0.16125, 0.13625, 0.115, 0.09, 0.066875, 0.063125, 0.055625, 0.048125]",first,TA
KRW-SOL,2022-05-10-00:00,2022-05-09-00:00,"[0.130625, 0.11625, 0.0975, 0.106875, 0.10875, 0.093125, 0.08875, 0.080625, 0.0925, 0.085]",second,TA
KRW-SOL,2022-05-09-00:00,2022-05-08-00:00,"[0.29875, 0.191875, 0.1175, 0.098125, 0.083125, 0.060625, 0.05125, 0.053125, 0.045625]",first,TA
KRW-SOL,2022-05-09-00:00,2022-05-08-00:00,"[0.125, 0.11875, 0.10375, 0.11875, 0.09, 0.095625, 0.095625, 0.09, 0.08375, 0.07875]",second,TA
KRW-SOL,2022-05-08-00:00,2022-05-07-00:00,"[0.315, 0.171875, 0.1225, 0.09625, 0.08625, 0.058125, 0.05, 0.05125, 0.04875]",first,TA
KRW-SOL,2022-05-08-00:00,2022-05-07-00:00,"[0.130625, 0.109375, 0.108125, 0.10875, 0.091875, 0.094375, 0.09125, 0.084375, 0.100625, 0.080625]",second,TA
KRW-SOL,2022-05-07-00:00,2022-05-06-00:00,"[0.318125, 0.16875, 0.12375, 0.093125, 0.07125, 0.073125, 0.065, 0.0475, 0.039375]",first,TA
KRW-SOL,2022-05-07-00:00,2022-05-06-00:00,"[0.12, 0.11875, 0.10625, 0.10875, 0.10875, 0.09, 0.0925, 0.08375, 0.08625, 0.085]",second,TA
KRW-SOL,2022-05-06-00:00,2022-05-05-00:00,"[0.296875, 0.1825, 0.128125, 0.100625, 0.07125, 0.078125, 0.055, 0.051875, 0.035625]",first,TA
KRW-SOL,2022-05-06-00:00,2022-05-05-00:00,"[0.119375, 0.115625, 0.103125, 0.1025, 0.10875, 0.09375, 0.085625, 0.090625, 0.09, 0.090625]",second,TA
KRW-SOL,2022-05-05-00:00,2022-05-04-00:00,"[0.284375, 0.193125, 0.14125, 0.09875, 0.08, 0.07125, 0.050625, 0.04625, 0.034375]",first,TA
KRW-SOL,2022-05-05-00:00,2022-05-04-00:00,"[0.11625, 0.12125, 0.094375, 0.101875, 0.100625, 0.104375, 0.09125, 0.089375, 0.089375, 0.09125]",second,TA
KRW-SOL,2022-05-04-00:00,2022-05-03-00:00,"[0.293125, 0.194375, 0.120625, 0.08375, 0.080625, 0.06625, 0.056875, 0.045, 0.059375]",first,TA
KRW-SOL,2022-05-04-00:00,2022-05-03-00:00,"[0.119375, 0.10625, 0.109375, 0.105, 0.100625, 0.094375, 0.090625, 0.105625, 0.0875, 0.08125]",second,TA
KRW-SOL,2022-05-03-00:00,2022-05-02-00:00,"[0.29625, 0.184375, 0.140625, 0.0875, 0.065625, 0.059375, 0.06125, 0.056875, 0.048125]",first,TA
KRW-SOL,2022-05-03-00:00,2022-05-02-00:00,"[0.119375, 0.11125, 0.11625, 0.10125, 0.101875, 0.091875, 0.085625, 0.084375, 0.091875, 0.09625]",second,TA
KRW-SOL,2022-05-02-00:00,2022-05-01-00:00,"[0.30625, 0.175, 0.14, 0.095625, 0.06375, 0.06125, 0.063125, 0.046875, 0.048125]",first,TA
KRW-SOL,2022-05-02-00:00,2022-05-01-00:00,"[0.15, 0.105625, 0.098125, 0.106875, 0.090625, 0.0925, 0.094375, 0.088125, 0.091875, 0.081875]",second,TA
KRW-SOL,2022-05-01-00:00,2022-04-30-00:00,"[0.293125, 0.18125, 0.118125, 0.094375, 0.081875, 0.06875, 0.0575, 0.054375, 0.050625]",first,TA
KRW-SOL,2022-05-01-00:00,2022-04-30-00:00,"[0.13875, 0.104375, 0.114375, 0.0925, 0.105625, 0.094375, 0.085, 0.09375, 0.084375, 0.086875]",second,TA
KRW-SOL,2022-04-30-00:00,2022-04-29-00:00,"[0.299375, 0.175625, 0.126875, 0.09375, 0.078125, 0.068125, 0.0575, 0.05625, 0.044375]",first,TA
KRW-SOL,2022-04-30-00:00,2022-04-29-00:00,"[0.129375, 0.104375, 0.10375, 0.106875, 0.106875, 0.095625, 0.09375, 0.080625, 0.08875, 0.09]",second,TA
KRW-SOL,2022-04-29-00:00,2022-04-28-00:00,"[0.321875, 0.185, 0.109375, 0.09625, 0.0775, 0.074375, 0.054375, 0.043125, 0.038125]",first,TA
KRW-SOL,2022-04-29-00:00,2022-04-28-00:00,"[0.13, 0.11125, 0.109375, 0.103125, 0.1025, 0.09875, 0.09125, 0.09625, 0.0825, 0.075]",second,TA
KRW-SOL,2022-04-28-00:00,2022-04-27-00:00,"[0.310625, 0.168125, 0.114375, 0.098125, 0.0825, 0.064375, 0.060625, 0.04875, 0.0525]",first,TA
KRW-SOL,2022-04-28-00:00,2022-04-27-00:00,"[0.124375, 0.11, 0.103125, 0.11125, 0.090625, 0.1, 0.095625, 0.09625, 0.088125, 0.080625]",second,TA
KRW-SOL,2022-04-27-00:00,2022-04-26-00:00,"[0.32, 0.18375, 0.124375, 0.088125, 0.08375, 0.05875, 0.05, 0.04625, 0.045]",first,TA
KRW-SOL,2022-04-27-00:00,2022-04-26-00:00,"[0.119375, 0.114375, 0.10125, 0.114375, 0.104375, 0.09625, 0.09375, 0.085, 0.091875, 0.079375]",second,TA
KRW-SOL,2022-04-26-00:00,2022-04-25-00:00,"[0.321875, 0.20375, 0.1275, 0.09, 0.07125, 0.06125, 0.049375, 0.041875, 0.033125]",first,TA
KRW-SOL,2022-04-26-00:00,2022-04-25-00:00,"[0.11625, 0.113125, 0.103125, 0.096875, 0.083125, 0.11, 0.096875, 0.094375, 0.091875, 0.094375]",second,TA
KRW-SOL,2022-04-25-00:00,2022-04-24-00:00,"[0.3275, 0.18125, 0.119375, 0.08375, 0.075625, 0.073125, 0.046875, 0.041875, 0.050625]",first,TA
KRW-SOL,2022-04-25-00:00,2022-04-24-00:00,"[0.1275, 0.10875, 0.106875, 0.109375, 0.09625, 0.1, 0.09125, 0.088125, 0.09125, 0.080625]",second,TA
KRW-SOL,2022-04-24-00:00,2022-04-23-00:00,"[0.333125, 0.174375, 0.119375, 0.084375, 0.070625, 0.059375, 0.06, 0.05125, 0.0475]",first,TA
KRW-SOL,2022-04-24-00:00,2022-04-23-00:00,"[0.120625, 0.109375, 0.106875, 0.12625, 0.09625, 0.094375, 0.09625, 0.08125, 0.08625, 0.0825]",second,TA
KRW-SOL,2022-04-23-00:00,2022-04-22-00:00,"[0.29125, 0.18125, 0.13375, 0.085625, 0.088125, 0.0775, 0.056875, 0.045625, 0.04]",first,TA
KRW-SOL,2022-04-23-00:00,2022-04-22-00:00,"[0.11375, 0.1175, 0.101875, 0.096875, 0.11, 0.095, 0.0875, 0.095, 0.0975, 0.085]",second,TA
KRW-SOL,2022-04-22-00:00,2022-04-21-00:00,"[0.300625, 0.186875, 0.131875, 0.095, 0.088125, 0.05875, 0.05625, 0.044375, 0.038125]",first,TA
KRW-SOL,2022-04-22-00:00,2022-04-21-00:00,"[0.111875, 0.11625, 0.111875, 0.10875, 0.090625, 0.099375, 0.095, 0.091875, 0.0825, 0.091875]",second,TA
KRW-SOL,2022-04-21-00:00,2022-04-20-00:00,"[0.303125, 0.178125, 0.12875, 0.101875, 0.095, 0.065, 0.055, 0.041875, 0.03125]",first,TA
KRW-SOL,2022-04-21-00:00,2022-04-20-00:00,"[0.108125, 0.120625, 0.1025, 0.114375, 0.104375, 0.091875, 0.09875, 0.0825, 0.085, 0.091875]",second,TA
KRW-SOL,2022-04-20-00:00,2022-04-19-00:00,"[0.296875, 0.175625, 0.14, 0.09875, 0.078125, 0.055, 0.054375, 0.058125, 0.043125]",first,TA
KRW-SOL,2022-04-20-00:00,2022-04-19-00:00,"[0.120625, 0.126875, 0.11125, 0.093125, 0.094375, 0.08375, 0.101875, 0.088125, 0.089375, 0.090625]",second,TA
KRW-SOL,2022-04-19-00:00,2022-04-18-00:00,"[0.29375, 0.17125, 0.138125, 0.0975, 0.0825, 0.060625, 0.060625, 0.04875, 0.046875]",first,TA
KRW-SOL,2022-04-19-00:00,2022-04-18-00:00,"[0.1, 0.11, 0.115625, 0.094375, 0.109375, 0.10875, 0.1, 0.101875, 0.0875, 0.0725]",second,TA
KRW-SOL,2022-04-18-00:00,2022-04-17-00:00,"[0.324375, 0.17375, 0.123125, 0.0925, 0.083125, 0.071875, 0.0475, 0.046875, 0.036875]",first,TA
KRW-SOL,2022-04-18-00:00,2022-04-17-00:00,"[0.11125, 0.113125, 0.12125, 0.099375, 0.098125, 0.09625, 0.090625, 0.0925, 0.085, 0.0925]",second,TA
KRW-SOL,2022-04-17-00:00,2022-04-16-00:00,"[0.3142857142857143, 0.15285714285714286, 0.13071428571428573, 0.09642857142857143, 0.08357142857142857, 0.06714285714285714, 0.06, 0.055714285714285716, 0.039285714285714285]",first,TA
KRW-SOL,2022-04-17-00:00,2022-04-16-00:00,"[0.1407142857142857, 0.10214285714285715, 0.09857142857142857, 0.09714285714285714, 0.09642857142857143, 0.10357142857142858, 0.10071428571428571, 0.08714285714285715, 0.08428571428571428, 0.08928571428571429]",second,TA
KRW-SOL,2022-04-16-00:00,2022-04-15-00:00,"[0.311875, 0.19875, 0.14, 0.08875, 0.07, 0.06, 0.058125, 0.0325, 0.04]",first,TA
KRW-SOL,2022-04-16-00:00,2022-04-15-00:00,"[0.13875, 0.109375, 0.115, 0.091875, 0.1, 0.088125, 0.079375, 0.0875, 0.09875, 0.09125]",second,TA
KRW-SOL,2022-04-15-00:00,2022-04-14-00:00,"[0.26375, 0.2, 0.141875, 0.1025, 0.076875, 0.0675, 0.0575, 0.0475, 0.0425]",first,TA
KRW-SOL,2022-04-15-00:00,2022-04-14-00:00,"[0.12375, 0.103125, 0.11375, 0.083125, 0.096875, 0.101875, 0.095625, 0.098125, 0.094375, 0.089375]",second,TA
KRW-SOL,2022-04-14-00:00,2022-04-13-00:00,"[0.270625, 0.16875, 0.135, 0.103125, 0.09375, 0.07, 0.061875, 0.049375, 0.0475]",first,TA
KRW-SOL,2022-04-14-00:00,2022-04-13-00:00,"[0.12125, 0.1075, 0.1075, 0.106875, 0.090625, 0.1025, 0.079375, 0.10375, 0.101875, 0.07875]",second,TA
KRW-SOL,2022-04-13-00:00,2022-04-12-00:00,"[0.275625, 0.17625, 0.13125, 0.09875, 0.06625, 0.078125, 0.069375, 0.053125, 0.05125]",first,TA
KRW-SOL,2022-04-13-00:00,2022-04-12-00:00,"[0.129375, 0.109375, 0.110625, 0.1075, 0.091875, 0.09625, 0.0775, 0.100625, 0.085625, 0.09125]",second,TA
KRW-SOL,2022-04-12-00:00,2022-04-11-00:00,"[0.2825, 0.184375, 0.1225, 0.10125, 0.079375, 0.0725, 0.06, 0.05, 0.0475]",first,TA
KRW-SOL,2022-04-12-00:00,2022-04-11-00:00,"[0.12, 0.114375, 0.104375, 0.09875, 0.10625, 0.090625, 0.08875, 0.096875, 0.08125, 0.09875]",second,TA
KRW-SOL,2022-04-11-00:00,2022-04-10-00:00,"[0.275, 0.19875, 0.15, 0.091875, 0.075, 0.060625, 0.065625, 0.038125, 0.045]",first,TA
KRW-SOL,2022-04-11-00:00,2022-04-10-00:00,"[0.109375, 0.123125, 0.101875, 0.10375, 0.105625, 0.108125, 0.10625, 0.081875, 0.074375, 0.085625]",second,TA
KRW-SOL,2022-04-10-00:00,2022-04-09-00:00,"[0.294375, 0.16875, 0.13125, 0.1, 0.079375, 0.075625, 0.055, 0.0475, 0.048125]",first,TA
KRW-SOL,2022-04-10-00:00,2022-04-09-00:00,"[0.125625, 0.12, 0.105, 0.103125, 0.10125, 0.100625, 0.09, 0.090625, 0.07625, 0.0875]",second,TA
KRW-SOL,2022-04-09-00:00,2022-04-08-00:00,"[0.29375, 0.17375, 0.1225, 0.10375, 0.081875, 0.06875, 0.056875, 0.05625, 0.0425]",first,TA
KRW-SOL,2022-04-09-00:00,2022-04-08-00:00,"[0.129375, 0.12, 0.09875, 0.100625, 0.105625, 0.095625, 0.085, 0.09875, 0.081875, 0.084375]",second,TA
KRW-SOL,2022-04-08-00:00,2022-04-07-00:00,"[0.32, 0.173125, 0.110625, 0.095, 0.083125, 0.06125, 0.06375, 0.048125, 0.045]",first,TA
KRW-SOL,2022-04-08-00:00,2022-04-07-00:00,"[0.13, 0.101875, 0.105625, 0.111875, 0.09875, 0.095, 0.100625, 0.0975, 0.081875, 0.076875]",second,TA
KRW-SOL,2022-04-07-00:00,2022-04-06-00:00,"[0.293125, 0.164375, 0.131875, 0.09625, 0.0875, 0.07625, 0.05625, 0.055, 0.039375]",first,TA
KRW-SOL,2022-04-07-00:00,2022-04-06-00:00,"[0.1325, 0.11375, 0.10875, 0.105, 0.105625, 0.091875, 0.094375, 0.0875, 0.0875, 0.073125]",second,TA
KRW-SOL,2022-04-06-00:00,2022-04-05-00:00,"[0.2775, 0.17375, 0.125, 0.1025, 0.09125, 0.0725, 0.053125, 0.056875, 0.0475]",first,TA
KRW-SOL,2022-04-06-00:00,2022-04-05-00:00,"[0.13875, 0.119375, 0.09875, 0.100625, 0.099375, 0.09875, 0.0775, 0.085625, 0.093125, 0.088125]",second,TA
KRW-SOL,2022-04-05-00:00,2022-04-04-00:00,"[0.30625, 0.1525, 0.120625, 0.103125, 0.0775, 0.076875, 0.0675, 0.05625, 0.039375]",first,TA
KRW-SOL,2022-04-05-00:00,2022-04-04-00:00,"[0.1325, 0.12375, 0.110625, 0.116875, 0.084375, 0.100625, 0.08375, 0.07625, 0.08, 0.09125]",second,TA
KRW-SOL,2022-04-04-00:00,2022-04-03-00:00,"[0.320625, 0.161875, 0.11125, 0.08875, 0.07125, 0.06875, 0.063125, 0.060625, 0.05375]",first,TA
KRW-SOL,2022-04-04-00:00,2022-04-03-00:00,"[0.13875, 0.110625, 0.106875, 0.095, 0.094375, 0.115, 0.0925, 0.08375, 0.0775, 0.085625]",second,TA
KRW-SOL,2022-04-03-00:00,2022-04-02-00:00,"[0.284375, 0.17875, 0.106875, 0.095, 0.083125, 0.06875, 0.07125, 0.061875, 0.05]",first,TA
KRW-SOL,2022-04-03-00:00,2022-04-02-00:00,"[0.115, 0.110625, 0.115, 0.104375, 0.096875, 0.100625, 0.091875, 0.104375, 0.074375, 0.086875]",second,TA
KRW-SOL,2022-04-02-00:00,2022-04-01-00:00,"[0.315, 0.155, 0.113125, 0.085, 0.086875, 0.065, 0.06375, 0.064375, 0.051875]",first,TA
KRW-SOL,2022-04-02-00:00,2022-04-01-00:00,"[0.113125, 0.11625, 0.1275, 0.113125, 0.095625, 0.08375, 0.0875, 0.099375, 0.07875, 0.085]",second,TA
KRW-SOL,2022-04-01-00:00,2022-03-31-00:00,"[0.29125, 0.16375, 0.105625, 0.103125, 0.08375, 0.081875, 0.060625, 0.06125, 0.04875]",first,TA
KRW-SOL,2022-04-01-00:00,2022-03-31-00:00,"[0.108125, 0.125, 0.108125, 0.100625, 0.105625, 0.101875, 0.08875, 0.09125, 0.095625, 0.075]",second,TA
KRW-SOL,2022-03-31-00:00,2022-03-30-00:00,"[0.2775, 0.150625, 0.110625, 0.11, 0.091875, 0.08125, 0.07625, 0.0575, 0.044375]",first,TA
KRW-SOL,2022-03-31-00:00,2022-03-30-00:00,"[0.125, 0.12125, 0.128125, 0.106875, 0.09125, 0.1, 0.0675, 0.095625, 0.085, 0.079375]",second,TA
KRW-SOL,2022-03-30-00:00,2022-03-29-00:00,"[0.26875, 0.17375, 0.129375, 0.108125, 0.081875, 0.075, 0.06125, 0.050625, 0.05125]",first,TA
KRW-SOL,2022-03-30-00:00,2022-03-29-00:00,"[0.12875, 0.1175, 0.1025, 0.11125, 0.1, 0.095625, 0.100625, 0.08625, 0.083125, 0.074375]",second,TA
KRW-SOL,2022-03-29-00:00,2022-03-28-00:00,"[0.27125, 0.169375, 0.12, 0.115625, 0.088125, 0.07625, 0.06375, 0.05375, 0.041875]",first,TA
KRW-SOL,2022-03-29-00:00,2022-03-28-00:00,"[0.121875, 0.109375, 0.095, 0.120625, 0.09125, 0.0975, 0.095625, 0.1075, 0.07625, 0.085]",second,TA
KRW-SOL,2022-03-28-00:00,2022-03-27-00:00,"[0.268125, 0.18375, 0.1225, 0.118125, 0.08375, 0.065, 0.056875, 0.0525, 0.049375]",first,TA
KRW-SOL,2022-03-28-00:00,2022-03-27-00:00,"[0.113125, 0.12125, 0.104375, 0.09875, 0.09625, 0.100625, 0.099375, 0.09875, 0.0925, 0.075]",second,TA
KRW-SOL,2022-03-27-00:00,2022-03-26-00:00,"[0.27, 0.19125, 0.15125, 0.1075, 0.0725, 0.063125, 0.05625, 0.04375, 0.044375]",first,TA
KRW-SOL,2022-03-27-00:00,2022-03-26-00:00,"[0.111875, 0.110625, 0.10125, 0.086875, 0.11125, 0.08375, 0.104375, 0.1075, 0.085625, 0.096875]",second,TA
KRW-SOL,2022-03-26-00:00,2022-03-25-00:00,"[0.27625, 0.179375, 0.1325, 0.113125, 0.083125, 0.065, 0.050625, 0.05, 0.05]",first,TA
KRW-SOL,2022-03-26-00:00,2022-03-25-00:00,"[0.138125, 0.1, 0.105625, 0.095625, 0.1, 0.093125, 0.091875, 0.090625, 0.101875, 0.083125]",second,TA
KRW-SOL,2022-03-25-00:00,2022-03-24-00:00,"[0.295625, 0.17625, 0.114375, 0.106875, 0.081875, 0.071875, 0.063125, 0.053125, 0.036875]",first,TA
KRW-SOL,2022-03-25-00:00,2022-03-24-00:00,"[0.1275, 0.118125, 0.114375, 0.115625, 0.090625, 0.091875, 0.08125, 0.0825, 0.091875, 0.08625]",second,TA
KRW-SOL,2022-03-24-00:00,2022-03-23-00:00,"[0.285, 0.195625, 0.12875, 0.09875, 0.080625, 0.07375, 0.049375, 0.045, 0.043125]",first,TA
KRW-SOL,2022-03-24-00:00,2022-03-23-00:00,"[0.1125, 0.111875, 0.113125, 0.110625, 0.094375, 0.11125, 0.08125, 0.0825, 0.08625, 0.09625]",second,TA
KRW-SOL,2022-03-23-00:00,2022-03-22-00:00,"[0.29, 0.185, 0.12375, 0.1025, 0.09375, 0.075, 0.048125, 0.04, 0.041875]",first,TA
KRW-SOL,2022-03-23-00:00,2022-03-22-00:00,"[0.119375, 0.121875, 0.108125, 0.1125, 0.0825, 0.091875, 0.09625, 0.089375, 0.08375, 0.094375]",second,TA
KRW-SOL,2022-03-22-00:00,2022-03-21-00:00,"[0.314375, 0.181875, 0.120625, 0.091875, 0.075, 0.065625, 0.05, 0.051875, 0.04875]",first,TA
KRW-SOL,2022-03-22-00:00,2022-03-21-00:00,"[0.125, 0.120625, 0.1025, 0.1075, 0.10125, 0.1, 0.0875, 0.081875, 0.076875, 0.096875]",second,TA
KRW-SOL,2022-03-21-00:00,2022-03-20-00:00,"[0.311875, 0.179375, 0.1475, 0.084375, 0.08375, 0.051875, 0.058125, 0.03875, 0.044375]",first,TA
KRW-SOL,2022-03-21-00:00,2022-03-20-00:00,"[0.1225, 0.113125, 0.10875, 0.093125, 0.095, 0.10625, 0.096875, 0.088125, 0.090625, 0.085625]",second,TA
KRW-SOL,2022-03-20-00:00,2022-03-19-00:00,"[0.314375, 0.164375, 0.13125, 0.095625, 0.0825, 0.05875, 0.05875, 0.049375, 0.045]",first,TA
KRW-SOL,2022-03-20-00:00,2022-03-19-00:00,"[0.114375, 0.124375, 0.108125, 0.109375, 0.096875, 0.086875, 0.09875, 0.08625, 0.085625, 0.089375]",second,TA
KRW-SOL,2022-03-19-00:00,2022-03-18-00:00,"[0.29375, 0.191875, 0.12875, 0.098125, 0.07625, 0.06125, 0.05625, 0.049375, 0.044375]",first,TA
KRW-SOL,2022-03-19-00:00,2022-03-18-00:00,"[0.1125, 0.120625, 0.110625, 0.106875, 0.0975, 0.105, 0.093125, 0.091875, 0.08125, 0.080625]",second,TA
KRW-SOL,2022-03-18-00:00,2022-03-17-00:00,"[0.293125, 0.176875, 0.1225, 0.1125, 0.06875, 0.066875, 0.060625, 0.05375, 0.045]",first,TA
KRW-SOL,2022-03-18-00:00,2022-03-17-00:00,"[0.11875, 0.121875, 0.10875, 0.118125, 0.0825, 0.0875, 0.0925, 0.095, 0.095, 0.08]",second,TA
KRW-SOL,2022-03-17-00:00,2022-03-16-00:00,"[0.30125, 0.188125, 0.139375, 0.104375, 0.07875, 0.06, 0.048125, 0.0475, 0.0325]",first,TA
KRW-SOL,2022-03-17-00:00,2022-03-16-00:00,"[0.128125, 0.11875, 0.095625, 0.111875, 0.094375, 0.1025, 0.091875, 0.088125, 0.09125, 0.0775]",second,TA
KRW-SOL,2022-03-16-00:00,2022-03-15-00:00,"[0.299375, 0.191875, 0.124375, 0.0975, 0.0775, 0.053125, 0.063125, 0.04625, 0.046875]",first,TA
KRW-SOL,2022-03-16-00:00,2022-03-15-00:00,"[0.1225, 0.11, 0.103125, 0.099375, 0.104375, 0.10375, 0.094375, 0.086875, 0.093125, 0.0825]",second,TA
KRW-SOL,2022-03-15-00:00,2022-03-14-00:00,"[0.2775, 0.193125, 0.125, 0.1025, 0.076875, 0.068125, 0.0625, 0.045625, 0.04875]",first,TA
KRW-SOL,2022-03-15-00:00,2022-03-14-00:00,"[0.13, 0.113125, 0.115, 0.091875, 0.074375, 0.104375, 0.105625, 0.09875, 0.091875, 0.075]",second,TA
KRW-SOL,2022-03-14-00:00,2022-03-13-00:00,"[0.291875, 0.18875, 0.125625, 0.10125, 0.08125, 0.065, 0.049375, 0.051875, 0.045]",first,TA
KRW-SOL,2022-03-14-00:00,2022-03-13-00:00,"[0.1125, 0.116875, 0.114375, 0.094375, 0.08375, 0.115, 0.103125, 0.08375, 0.086875, 0.089375]",second,TA
KRW-SOL,2022-03-13-00:00,2022-03-12-00:00,"[0.296875, 0.186875, 0.119375, 0.095625, 0.08625, 0.068125, 0.053125, 0.048125, 0.045625]",first,TA
KRW-SOL,2022-03-13-00:00,2022-03-12-00:00,"[0.120625, 0.115, 0.128125, 0.094375, 0.096875, 0.099375, 0.0925, 0.080625, 0.085, 0.0875]",second,TA
KRW-SOL,2022-03-12-00:00,2022-03-11-00:00,"[0.290625, 0.200625, 0.135625, 0.100625, 0.0725, 0.058125, 0.05875, 0.04625, 0.036875]",first,TA
KRW-SOL,2022-03-12-00:00,2022-03-11-00:00,"[0.121875, 0.12375, 0.115, 0.110625, 0.0975, 0.095625, 0.096875, 0.085625, 0.071875, 0.08125]",second,TA
KRW-SOL,2022-03-11-00:00,2022-03-10-00:00,"[0.304375, 0.184375, 0.1325, 0.09625, 0.085625, 0.060625, 0.050625, 0.04875, 0.036875]",first,TA
KRW-SOL,2022-03-11-00:00,2022-03-10-00:00,"[0.111875, 0.121875, 0.108125, 0.10875, 0.09, 0.096875, 0.0825, 0.106875, 0.086875, 0.08625]",second,TA
KRW-SOL,2022-03-10-00:00,2022-03-09-00:00,"[0.274375, 0.1625, 0.135, 0.11125, 0.091875, 0.063125, 0.063125, 0.056875, 0.041875]",first,TA
KRW-SOL,2022-03-10-00:00,2022-03-09-00:00,"[0.130625, 0.115, 0.10125, 0.1, 0.094375, 0.10125, 0.081875, 0.100625, 0.08, 0.095]",second,TA
KRW-SOL,2022-03-09-00:00,2022-03-08-00:00,"[0.2825, 0.19375, 0.144375, 0.1075, 0.084375, 0.060625, 0.045625, 0.043125, 0.038125]",first,TA
KRW-SOL,2022-03-09-00:00,2022-03-08-00:00,"[0.124375, 0.12, 0.10125, 0.116875, 0.0975, 0.09625, 0.084375, 0.08375, 0.090625, 0.085]",second,TA
KRW-SOL,2022-03-08-00:00,2022-03-07-00:00,"[0.285, 0.168125, 0.121875, 0.119375, 0.099375, 0.058125, 0.05625, 0.048125, 0.04375]",first,TA
KRW-SOL,2022-03-08-00:00,2022-03-07-00:00,"[0.1125, 0.115, 0.111875, 0.11, 0.099375, 0.095625, 0.078125, 0.096875, 0.095625, 0.085]",second,TA
KRW-SOL,2022-03-07-00:00,2022-03-06-00:00,"[0.31625, 0.200625, 0.118125, 0.090625, 0.08375, 0.056875, 0.05, 0.04625, 0.0375]",first,TA
KRW-SOL,2022-03-07-00:00,2022-03-06-00:00,"[0.12, 0.103125, 0.1225, 0.114375, 0.1, 0.099375, 0.089375, 0.094375, 0.079375, 0.0775]",second,TA
KRW-SOL,2022-03-06-00:00,2022-03-05-00:00,"[0.278125, 0.191875, 0.135, 0.094375, 0.081875, 0.06, 0.046875, 0.064375, 0.0475]",first,TA
KRW-SOL,2022-03-06-00:00,2022-03-05-00:00,"[0.114375, 0.10125, 0.1075, 0.115625, 0.09125, 0.105, 0.088125, 0.080625, 0.098125, 0.098125]",second,TA
KRW-SOL,2022-03-05-00:00,2022-03-04-00:00,"[0.27125, 0.191875, 0.14, 0.110625, 0.076875, 0.063125, 0.0475, 0.05375, 0.045]",first,TA
KRW-SOL,2022-03-05-00:00,2022-03-04-00:00,"[0.114375, 0.101875, 0.125, 0.099375, 0.10375, 0.096875, 0.10125, 0.08625, 0.089375, 0.081875]",second,TA
KRW-SOL,2022-03-04-00:00,2022-03-03-00:00,"[0.285, 0.1925, 0.136875, 0.0975, 0.0875, 0.0775, 0.05125, 0.040625, 0.03125]",first,TA
KRW-SOL,2022-03-04-00:00,2022-03-03-00:00,"[0.11875, 0.1125, 0.096875, 0.1, 0.0975, 0.1, 0.088125, 0.09875, 0.086875, 0.100625]",second,TA
KRW-SOL,2022-03-03-00:00,2022-03-02-00:00,"[0.3125, 0.171875, 0.123125, 0.094375, 0.081875, 0.07, 0.0575, 0.048125, 0.040625]",first,TA
KRW-SOL,2022-03-03-00:00,2022-03-02-00:00,"[0.130625, 0.129375, 0.1075, 0.1025, 0.08875, 0.086875, 0.08875, 0.0875, 0.08625, 0.091875]",second,TA
KRW-SOL,2022-03-02-00:00,2022-03-01-00:00,"[0.305625, 0.155625, 0.133125, 0.0925, 0.073125, 0.073125, 0.06625, 0.059375, 0.04125]",first,TA
KRW-SOL,2022-03-02-00:00,2022-03-01-00:00,"[0.116875, 0.1075, 0.10875, 0.106875, 0.106875, 0.090625, 0.103125, 0.0875, 0.081875, 0.09]",second,TA
KRW-SOL,2022-03-01-00:00,2022-02-28-00:00,"[0.28, 0.174375, 0.128125, 0.110625, 0.090625, 0.069375, 0.060625, 0.043125, 0.043125]",first,TA
KRW-SOL,2022-03-01-00:00,2022-02-28-00:00,"[0.108125, 0.1175, 0.12875, 0.108125, 0.1075, 0.088125, 0.0825, 0.09875, 0.078125, 0.0825]",second,TA
KRW-SOL,2022-02-28-00:00,2022-02-27-00:00,"[0.294375, 0.1825, 0.131875, 0.111875, 0.080625, 0.05875, 0.04875, 0.049375, 0.041875]",first,TA
KRW-SOL,2022-02-28-00:00,2022-02-27-00:00,"[0.124375, 0.12, 0.1125, 0.0975, 0.0975, 0.095, 0.098125, 0.0925, 0.078125, 0.084375]",second,TA
KRW-SOL,2022-02-27-00:00,2022-02-26-00:00,"[0.31125, 0.176875, 0.121875, 0.099375, 0.07125, 0.075, 0.05625, 0.0425, 0.045625]",first,TA
KRW-SOL,2022-02-27-00:00,2022-02-26-00:00,"[0.1225, 0.11, 0.10625, 0.106875, 0.093125, 0.096875, 0.090625, 0.0925, 0.093125, 0.088125]",second,TA
KRW-SOL,2022-02-26-00:00,2022-02-25-00:00,"[0.325, 0.174375, 0.1125, 0.100625, 0.071875, 0.076875, 0.041875, 0.054375, 0.0425]",first,TA
KRW-SOL,2022-02-26-00:00,2022-02-25-00:00,"[0.12625, 0.11125, 0.11125, 0.10375, 0.09875, 0.096875, 0.0975, 0.075625, 0.094375, 0.084375]",second,TA
KRW-SOL,2022-02-25-00:00,2022-02-24-00:00,"[0.294375, 0.189375, 0.1175, 0.090625, 0.078125, 0.075625, 0.055625, 0.053125, 0.045625]",first,TA
KRW-SOL,2022-02-25-00:00,2022-02-24-00:00,"[0.13375, 0.115, 0.1125, 0.11375, 0.10375, 0.08625, 0.09625, 0.0825, 0.08875, 0.0675]",second,TA
KRW-SOL,2022-02-24-00:00,2022-02-23-00:00,"[0.298125, 0.171875, 0.131875, 0.093125, 0.081875, 0.065625, 0.06, 0.050625, 0.046875]",first,TA
KRW-SOL,2022-02-24-00:00,2022-02-23-00:00,"[0.121875, 0.116875, 0.100625, 0.113125, 0.09625, 0.08375, 0.08875, 0.096875, 0.093125, 0.08875]",second,TA
KRW-SOL,2022-02-23-00:00,2022-02-22-00:00,"[0.3, 0.18, 0.13125, 0.098125, 0.079375, 0.07, 0.055625, 0.049375, 0.03625]",first,TA
KRW-SOL,2022-02-23-00:00,2022-02-22-00:00,"[0.125, 0.10625, 0.111875, 0.098125, 0.104375, 0.09, 0.100625, 0.08875, 0.085625, 0.089375]",second,TA
KRW-SOL,2022-02-22-00:00,2022-02-21-00:00,"[0.30375, 0.171875, 0.11125, 0.09125, 0.08125, 0.0775, 0.061875, 0.053125, 0.048125]",first,TA
KRW-SOL,2022-02-22-00:00,2022-02-21-00:00,"[0.12625, 0.113125, 0.11875, 0.11, 0.1, 0.0875, 0.101875, 0.078125, 0.08125, 0.083125]",second,TA
KRW-SOL,2022-02-21-00:00,2022-02-20-00:00,"[0.300625, 0.160625, 0.115, 0.1025, 0.0875, 0.0825, 0.056875, 0.05125, 0.043125]",first,TA
KRW-SOL,2022-02-21-00:00,2022-02-20-00:00,"[0.110625, 0.106875, 0.121875, 0.1025, 0.089375, 0.10625, 0.08375, 0.098125, 0.0825, 0.098125]",second,TA
KRW-SOL,2022-02-20-00:00,2022-02-19-00:00,"[0.293125, 0.16375, 0.128125, 0.108125, 0.078125, 0.0775, 0.055, 0.0525, 0.04375]",first,TA
KRW-SOL,2022-02-20-00:00,2022-02-19-00:00,"[0.108125, 0.11625, 0.118125, 0.105625, 0.103125, 0.09125, 0.093125, 0.093125, 0.083125, 0.088125]",second,TA
KRW-SOL,2022-02-19-00:00,2022-02-18-00:00,"[0.288125, 0.180625, 0.1275, 0.1, 0.091875, 0.066875, 0.055625, 0.05, 0.039375]",first,TA
KRW-SOL,2022-02-19-00:00,2022-02-18-00:00,"[0.10875, 0.126875, 0.106875, 0.093125, 0.101875, 0.10375, 0.101875, 0.080625, 0.0925, 0.08375]",second,TA
KRW-SOL,2022-02-18-00:00,2022-02-17-00:00,"[0.290625, 0.1925, 0.135, 0.0975, 0.07375, 0.068125, 0.053125, 0.05125, 0.038125]",first,TA
KRW-SOL,2022-02-18-00:00,2022-02-17-00:00,"[0.1175, 0.12125, 0.11375, 0.0825, 0.1175, 0.08875, 0.091875, 0.0975, 0.08375, 0.085625]",second,TA
KRW-SOL,2022-02-17-00:00,2022-02-16-00:00,"[0.308125, 0.175, 0.12875, 0.100625, 0.076875, 0.0625, 0.055625, 0.04375, 0.04875]",first,TA
KRW-SOL,2022-02-17-00:00,2022-02-16-00:00,"[0.13, 0.113125, 0.10875, 0.1125, 0.0875, 0.091875, 0.100625, 0.088125, 0.085, 0.0825]",second,TA
KRW-SOL,2022-02-16-00:00,2022-02-15-00:00,"[0.2975, 0.18625, 0.115625, 0.105, 0.080625, 0.078125, 0.055, 0.0425, 0.039375]",first,TA
KRW-SOL,2022-02-16-00:00,2022-02-15-00:00,"[0.118125, 0.128125, 0.095625, 0.098125, 0.1, 0.086875, 0.089375, 0.093125, 0.099375, 0.09125]",second,TA
KRW-SOL,2022-02-15-00:00,2022-02-14-00:00,"[0.291875, 0.17625, 0.134375, 0.106875, 0.08, 0.065625, 0.048125, 0.05375, 0.043125]",first,TA
KRW-SOL,2022-02-15-00:00,2022-02-14-00:00,"[0.11625, 0.11625, 0.09875, 0.098125, 0.1025, 0.100625, 0.106875, 0.090625, 0.085, 0.085]",second,TA
KRW-SOL,2022-02-14-00:00,2022-02-13-00:00,"[0.32, 0.19714285714285715, 0.11857142857142858, 0.08928571428571429, 0.07714285714285714, 0.06714285714285714, 0.05285714285714286, 0.045, 0.032857142857142856]",first,TA
KRW-SOL,2022-02-14-00:00,2022-02-13-00:00,"[0.12214285714285714, 0.12071428571428572, 0.10142857142857142, 0.10071428571428571, 0.10214285714285715, 0.09428571428571429, 0.08785714285714286, 0.08785714285714286, 0.085, 0.09785714285714285]",second,TA
KRW-SOL,2022-02-13-00:00,2022-02-12-00:00,"[0.3075, 0.17625, 0.119375, 0.0925, 0.08875, 0.065625, 0.051875, 0.0575, 0.040625]",first,TA
KRW-SOL,2022-02-13-00:00,2022-02-12-00:00,"[0.125, 0.12125, 0.106875, 0.088125, 0.08625, 0.10625, 0.093125, 0.090625, 0.09375, 0.08875]",second,TA
KRW-SOL,2022-02-12-00:00,2022-02-11-00:00,"[0.31125, 0.1625, 0.138125, 0.1025, 0.0775, 0.06, 0.05125, 0.051875, 0.045]",first,TA
KRW-SOL,2022-02-12-00:00,2022-02-11-00:00,"[0.11625, 0.11875, 0.120625, 0.099375, 0.095, 0.09125, 0.089375, 0.088125, 0.08375, 0.0975]",second,TA
KRW-SOL,2022-02-11-00:00,2022-02-10-00:00,"[0.29125, 0.195625, 0.13125, 0.09625, 0.0725, 0.065625, 0.05125, 0.050625, 0.045625]",first,TA
KRW-SOL,2022-02-11-00:00,2022-02-10-00:00,"[0.115, 0.109375, 0.110625, 0.114375, 0.11125, 0.0975, 0.08, 0.0975, 0.079375, 0.085]",second,TA
KRW-SOL,2022-02-10-00:00,2022-02-09-00:00,"[0.276875, 0.199375, 0.1475, 0.09125, 0.080625, 0.0575, 0.051875, 0.0525, 0.0425]",first,TA
KRW-SOL,2022-02-10-00:00,2022-02-09-00:00,"[0.1275, 0.105625, 0.101875, 0.11375, 0.108125, 0.09, 0.075625, 0.08625, 0.094375, 0.096875]",second,TA
KRW-SOL,2022-02-09-00:00,2022-02-08-00:00,"[0.2925, 0.1475, 0.119375, 0.098125, 0.090625, 0.06875, 0.07, 0.06, 0.053125]",first,TA
KRW-SOL,2022-02-09-00:00,2022-02-08-00:00,"[0.1225, 0.109375, 0.096875, 0.109375, 0.105625, 0.101875, 0.08875, 0.101875, 0.07875, 0.085]",second,TA
KRW-SOL,2022-02-08-00:00,2022-02-07-00:00,"[0.275625, 0.17, 0.129375, 0.09375, 0.0875, 0.06375, 0.06625, 0.058125, 0.055625]",first,TA
KRW-SOL,2022-02-08-00:00,2022-02-07-00:00,"[0.11875, 0.106875, 0.111875, 0.0975, 0.1025, 0.09875, 0.09375, 0.08875, 0.095, 0.08625]",second,TA
KRW-SOL,2022-02-07-00:00,2022-02-06-00:00,"[0.291875, 0.18, 0.134375, 0.091875, 0.0925, 0.060625, 0.069375, 0.039375, 0.04]",first,TA
KRW-SOL,2022-02-07-00:00,2022-02-06-00:00,"[0.135, 0.10375, 0.113125, 0.080625, 0.10375, 0.101875, 0.078125, 0.10375, 0.09375, 0.08625]",second,TA
KRW-SOL,2022-02-06-00:00,2022-02-05-00:00,"[0.2875, 0.179375, 0.12125, 0.095625, 0.08125, 0.069375, 0.066875, 0.05, 0.04875]",first,TA
KRW-SOL,2022-02-06-00:00,2022-02-05-00:00,"[0.136875, 0.12, 0.114375, 0.094375, 0.09875, 0.0975, 0.078125, 0.08375, 0.0925, 0.08375]",second,TA
KRW-SOL,2022-02-05-00:00,2022-02-04-00:00,"[0.2775, 0.17375, 0.12375, 0.105625, 0.0875, 0.076875, 0.058125, 0.04875, 0.048125]",first,TA
KRW-SOL,2022-02-05-00:00,2022-02-04-00:00,"[0.148125, 0.10375, 0.116875, 0.096875, 0.096875, 0.090625, 0.0925, 0.086875, 0.095625, 0.071875]",second,TA
KRW-SOL,2022-02-04-00:00,2022-02-03-00:00,"[0.291875, 0.16375, 0.128125, 0.0975, 0.078125, 0.065625, 0.06375, 0.064375, 0.046875]",first,TA
KRW-SOL,2022-02-04-00:00,2022-02-03-00:00,"[0.1125, 0.115, 0.11375, 0.099375, 0.08875, 0.103125, 0.089375, 0.1025, 0.085625, 0.09]",second,TA
KRW-SOL,2022-02-03-00:00,2022-02-02-00:00,"[0.31625, 0.166875, 0.120625, 0.09125, 0.088125, 0.066875, 0.050625, 0.05125, 0.048125]",first,TA
KRW-SOL,2022-02-03-00:00,2022-02-02-00:00,"[0.1225, 0.128125, 0.11375, 0.0925, 0.09125, 0.095625, 0.09, 0.0925, 0.09125, 0.0825]",second,TA
KRW-SOL,2022-02-02-00:00,2022-02-01-00:00,"[0.29625, 0.14625, 0.13125, 0.1025, 0.083125, 0.071875, 0.056875, 0.05875, 0.053125]",first,TA
KRW-SOL,2022-02-02-00:00,2022-02-01-00:00,"[0.125625, 0.1125, 0.10125, 0.095, 0.104375, 0.100625, 0.095, 0.088125, 0.08375, 0.09375]",second,TA
KRW-SOL,2022-02-01-00:00,2022-01-31-00:00,"[0.290625, 0.16125, 0.121875, 0.101875, 0.094375, 0.070625, 0.066875, 0.046875, 0.045625]",first,TA
KRW-SOL,2022-02-01-00:00,2022-01-31-00:00,"[0.126875, 0.11625, 0.094375, 0.094375, 0.096875, 0.09875, 0.0925, 0.09125, 0.091875, 0.096875]",second,TA
KRW-SOL,2022-01-31-00:00,2022-01-30-00:00,"[0.274375, 0.180625, 0.129375, 0.096875, 0.088125, 0.065, 0.06625, 0.045, 0.054375]",first,TA
KRW-SOL,2022-01-31-00:00,2022-01-30-00:00,"[0.135625, 0.096875, 0.0975, 0.1, 0.0825, 0.10375, 0.1025, 0.09125, 0.10125, 0.08875]",second,TA
KRW-SOL,2022-01-30-00:00,2022-01-29-00:00,"[0.2775, 0.159375, 0.12625, 0.11125, 0.08375, 0.080625, 0.0625, 0.048125, 0.050625]",first,TA
KRW-SOL,2022-01-30-00:00,2022-01-29-00:00,"[0.119375, 0.1075, 0.096875, 0.1025, 0.1025, 0.10625, 0.11, 0.084375, 0.085625, 0.085]",second,TA
KRW-SOL,2022-01-29-00:00,2022-01-28-00:00,"[0.2725, 0.145, 0.116875, 0.110625, 0.100625, 0.095, 0.064375, 0.0525, 0.0425]",first,TA
KRW-SOL,2022-01-29-00:00,2022-01-28-00:00,"[0.125625, 0.116875, 0.110625, 0.089375, 0.1025, 0.096875, 0.098125, 0.089375, 0.083125, 0.0875]",second,TA
KRW-SOL,2022-01-28-00:00,2022-01-27-00:00,"[0.303125, 0.16, 0.1175, 0.095625, 0.08375, 0.0825, 0.05625, 0.05, 0.05125]",first,TA
KRW-SOL,2022-01-28-00:00,2022-01-27-00:00,"[0.120625, 0.101875, 0.12625, 0.0975, 0.09125, 0.095, 0.09, 0.10375, 0.093125, 0.080625]",second,TA
KRW-SOL,2022-01-27-00:00,2022-01-26-00:00,"[0.2975, 0.15875, 0.115, 0.105, 0.076875, 0.061875, 0.06375, 0.065625, 0.055625]",first,TA
KRW-SOL,2022-01-27-00:00,2022-01-26-00:00,"[0.1225, 0.11, 0.105625, 0.090625, 0.105, 0.098125, 0.0875, 0.095, 0.0925, 0.093125]",second,TA
KRW-SOL,2022-01-26-00:00,2022-01-25-00:00,"[0.27375, 0.19125, 0.129375, 0.10125, 0.075, 0.069375, 0.05625, 0.0575, 0.04625]",first,TA
KRW-SOL,2022-01-26-00:00,2022-01-25-00:00,"[0.109375, 0.100625, 0.11125, 0.10625, 0.098125, 0.10625, 0.096875, 0.091875, 0.0875, 0.091875]",second,TA
KRW-SOL,2022-01-25-00:00,2022-01-24-00:00,"[0.295625, 0.196875, 0.125625, 0.081875, 0.08125, 0.0625, 0.060625, 0.05, 0.045625]",first,TA
KRW-SOL,2022-01-25-00:00,2022-01-24-00:00,"[0.12625, 0.108125, 0.1175, 0.11375, 0.09625, 0.08875, 0.099375, 0.08625, 0.07625, 0.0875]",second,TA
KRW-SOL,2022-01-24-00:00,2022-01-23-00:00,"[0.29375, 0.190625, 0.118125, 0.10625, 0.085, 0.069375, 0.054375, 0.040625, 0.041875]",first,TA
KRW-SOL,2022-01-24-00:00,2022-01-23-00:00,"[0.12375, 0.110625, 0.1125, 0.099375, 0.1, 0.096875, 0.099375, 0.099375, 0.0725, 0.085625]",second,TA
KRW-SOL,2022-01-23-00:00,2022-01-22-00:00,"[0.27875, 0.1775, 0.1275, 0.095, 0.08125, 0.066875, 0.06125, 0.0575, 0.054375]",first,TA
KRW-SOL,2022-01-23-00:00,2022-01-22-00:00,"[0.114375, 0.115, 0.10875, 0.095625, 0.0975, 0.094375, 0.113125, 0.0925, 0.074375, 0.094375]",second,TA
KRW-SOL,2022-01-22-00:00,2022-01-21-00:00,"[0.3125, 0.1725, 0.13375, 0.09, 0.0725, 0.066875, 0.0525, 0.05375, 0.045625]",first,TA
KRW-SOL,2022-01-22-00:00,2022-01-21-00:00,"[0.1175, 0.121875, 0.0875, 0.106875, 0.1, 0.093125, 0.094375, 0.09625, 0.0925, 0.09]",second,TA
KRW-SOL,2022-01-21-00:00,2022-01-20-00:00,"[0.313125, 0.16875, 0.129375, 0.10375, 0.0725, 0.0725, 0.055, 0.04875, 0.03625]",first,TA
KRW-SOL,2022-01-21-00:00,2022-01-20-00:00,"[0.125625, 0.108125, 0.099375, 0.111875, 0.108125, 0.093125, 0.0975, 0.09375, 0.08, 0.0825]",second,TA
KRW-SOL,2022-01-20-00:00,2022-01-19-00:00,"[0.285625, 0.18, 0.135625, 0.11, 0.09125, 0.054375, 0.045625, 0.048125, 0.049375]",first,TA
KRW-SOL,2022-01-20-00:00,2022-01-19-00:00,"[0.116875, 0.12, 0.09875, 0.108125, 0.104375, 0.086875, 0.10375, 0.0875, 0.078125, 0.095625]",second,TA
KRW-SOL,2022-01-19-00:00,2022-01-18-00:00,"[0.304375, 0.181875, 0.13875, 0.104375, 0.081875, 0.0575, 0.0425, 0.05, 0.03875]",first,TA
KRW-SOL,2022-01-19-00:00,2022-01-18-00:00,"[0.109375, 0.11375, 0.123125, 0.090625, 0.09125, 0.090625, 0.104375, 0.094375, 0.09125, 0.09125]",second,TA
KRW-SOL,2022-01-18-00:00,2022-01-17-00:00,"[0.288125, 0.201875, 0.13875, 0.08875, 0.076875, 0.064375, 0.058125, 0.04875, 0.034375]",first,TA
KRW-SOL,2022-01-18-00:00,2022-01-17-00:00,"[0.10125, 0.111875, 0.1225, 0.09625, 0.109375, 0.09375, 0.099375, 0.091875, 0.09, 0.08375]",second,TA
KRW-SOL,2022-01-17-00:00,2022-01-16-00:00,"[0.309375, 0.173125, 0.12625, 0.09125, 0.0875, 0.06125, 0.055625, 0.05, 0.045625]",first,TA
KRW-SOL,2022-01-17-00:00,2022-01-16-00:00,"[0.110625, 0.115625, 0.1125, 0.098125, 0.099375, 0.106875, 0.09625, 0.1075, 0.07625, 0.076875]",second,TA
KRW-SOL,2022-01-16-00:00,2022-01-15-00:00,"[0.3, 0.18, 0.1275, 0.1, 0.078125, 0.059375, 0.061875, 0.049375, 0.04375]",first,TA
KRW-SOL,2022-01-16-00:00,2022-01-15-00:00,"[0.11625, 0.110625, 0.103125, 0.10125, 0.105625, 0.09125, 0.085, 0.089375, 0.098125, 0.099375]",second,TA
KRW-SOL,2022-01-15-00:00,2022-01-14-00:00,"[0.27875, 0.198125, 0.133125, 0.105625, 0.068125, 0.065625, 0.061875, 0.05125, 0.0375]",first,TA
KRW-SOL,2022-01-15-00:00,2022-01-14-00:00,"[0.12625, 0.110625, 0.106875, 0.096875, 0.098125, 0.0975, 0.0925, 0.096875, 0.086875, 0.0875]",second,TA
KRW-SOL,2022-01-14-00:00,2022-01-13-00:00,"[0.305, 0.18375, 0.116875, 0.0975, 0.08625, 0.060625, 0.055625, 0.04875, 0.045625]",first,TA
KRW-SOL,2022-01-14-00:00,2022-01-13-00:00,"[0.118125, 0.105625, 0.11, 0.099375, 0.098125, 0.09375, 0.10125, 0.1, 0.081875, 0.091875]",second,TA
KRW-SOL,2022-01-13-00:00,2022-01-12-00:00,"[0.300625, 0.170625, 0.1275, 0.09125, 0.089375, 0.073125, 0.0625, 0.05125, 0.03375]",first,TA
KRW-SOL,2022-01-13-00:00,2022-01-12-00:00,"[0.115625, 0.1125, 0.111875, 0.095, 0.103125, 0.103125, 0.085625, 0.085625, 0.093125, 0.094375]",second,TA
KRW-SOL,2022-01-12-00:00,2022-01-11-00:00,"[0.289375, 0.171875, 0.134375, 0.095, 0.076875, 0.0675, 0.055, 0.056875, 0.053125]",first,TA
KRW-SOL,2022-01-12-00:00,2022-01-11-00:00,"[0.104375, 0.11625, 0.095, 0.094375, 0.10625, 0.109375, 0.074375, 0.100625, 0.1025, 0.096875]",second,TA
KRW-SOL,2022-01-11-00:00,2022-01-10-00:00,"[0.30625, 0.149375, 0.12125, 0.100625, 0.08125, 0.06125, 0.0675, 0.06375, 0.04875]",first,TA
KRW-SOL,2022-01-11-00:00,2022-01-10-00:00,"[0.10875, 0.12, 0.109375, 0.1125, 0.0925, 0.098125, 0.089375, 0.08375, 0.096875, 0.08875]",second,TA
KRW-SOL,2022-01-10-00:00,2022-01-09-00:00,"[0.3, 0.17875, 0.116875, 0.100625, 0.07875, 0.066875, 0.065625, 0.045625, 0.046875]",first,TA
KRW-SOL,2022-01-10-00:00,2022-01-09-00:00,"[0.126875, 0.11875, 0.111875, 0.115625, 0.08875, 0.085625, 0.088125, 0.090625, 0.085625, 0.088125]",second,TA
KRW-SOL,2022-01-09-00:00,2022-01-08-00:00,"[0.2925, 0.191875, 0.12125, 0.099375, 0.07375, 0.071875, 0.0575, 0.05125, 0.040625]",first,TA
KRW-SOL,2022-01-09-00:00,2022-01-08-00:00,"[0.11875, 0.105, 0.111875, 0.109375, 0.10375, 0.08875, 0.109375, 0.093125, 0.08, 0.08]",second,TA
KRW-SOL,2022-01-08-00:00,2022-01-07-00:00,"[0.29375, 0.168125, 0.140625, 0.1125, 0.06875, 0.065625, 0.05625, 0.05, 0.044375]",first,TA
KRW-SOL,2022-01-08-00:00,2022-01-07-00:00,"[0.119375, 0.116875, 0.113125, 0.098125, 0.096875, 0.095625, 0.095, 0.09, 0.086875, 0.088125]",second,TA
KRW-SOL,2022-01-07-00:00,2022-01-06-00:00,"[0.3025, 0.1525, 0.129375, 0.111875, 0.080625, 0.059375, 0.05625, 0.055625, 0.051875]",first,TA
KRW-SOL,2022-01-07-00:00,2022-01-06-00:00,"[0.121875, 0.115, 0.12625, 0.110625, 0.10375, 0.1025, 0.078125, 0.085, 0.0825, 0.074375]",second,TA
KRW-SOL,2022-01-06-00:00,2022-01-05-00:00,"[0.315, 0.178125, 0.123125, 0.09875, 0.08125, 0.0625, 0.05375, 0.039375, 0.048125]",first,TA
KRW-SOL,2022-01-06-00:00,2022-01-05-00:00,"[0.12625, 0.095, 0.116875, 0.1075, 0.093125, 0.099375, 0.089375, 0.09375, 0.08875, 0.09]",second,TA
KRW-SOL,2022-01-05-00:00,2022-01-04-00:00,"[0.275625, 0.195625, 0.13125, 0.1125, 0.073125, 0.0725, 0.06375, 0.0375, 0.038125]",first,TA
KRW-SOL,2022-01-05-00:00,2022-01-04-00:00,"[0.1175, 0.119375, 0.114375, 0.095, 0.0975, 0.08125, 0.1025, 0.083125, 0.094375, 0.095]",second,TA
KRW-SOL,2022-01-04-00:00,2022-01-03-00:00,"[0.30875, 0.20375, 0.11625, 0.0975, 0.076875, 0.06, 0.05375, 0.0475, 0.035625]",first,TA
KRW-SOL,2022-01-04-00:00,2022-01-03-00:00,"[0.121875, 0.110625, 0.103125, 0.095625, 0.10375, 0.105625, 0.11125, 0.084375, 0.075625, 0.088125]",second,TA
KRW-SOL,2022-01-03-00:00,2022-01-02-00:00,"[0.308125, 0.18875, 0.130625, 0.100625, 0.080625, 0.0525, 0.053125, 0.045625, 0.04]",first,TA
KRW-SOL,2022-01-03-00:00,2022-01-02-00:00,"[0.1175, 0.104375, 0.10625, 0.111875, 0.099375, 0.103125, 0.09625, 0.100625, 0.080625, 0.08]",second,TA
KRW-SOL,2022-01-02-00:00,2022-01-01-00:00,"[0.300625, 0.19625, 0.113125, 0.09625, 0.08125, 0.06625, 0.059375, 0.035, 0.051875]",first,TA
KRW-SOL,2022-01-02-00:00,2022-01-01-00:00,"[0.12, 0.1325, 0.1175, 0.09, 0.09125, 0.100625, 0.088125, 0.0825, 0.086875, 0.090625]",second,TA
